0.000000e+00,-7.470399e-10,-1.736045e-07,2.283173e-07,0.000000e+00,0.000000e+00,0.000000e+00,0.000000e+00,0.000000e+00,0.000000e+00,0.000000e+00,0,49
0.000000e+00,1.481579e-07,-1.012658e-07,5.633978e-07,0.000000e+00,0.000000e+00,0.000000e+00,0.000000e+00,0.000000e+00,0.000000e+00,0.000000e+00,1,49
0.000000e+00,1.979701e-07,-1.932866e-08,4.506325e-07,0.000000e+00,0.000000e+00,0.000000e+00,0.000000e+00,0.000000e+00,0.000000e+00,0.000000e+00,2,49
0.000000e+00,4.986208e-08,8.429081e-08,2.039435e-07,0.000000e+00,0.000000e+00,0.000000e+00,0.000000e+00,0.000000e+00,0.000000e+00,0.000000e+00,3,49
0.000000e+00,3.986568e-08,-4.578195e-08,4.260898e-07,0.000000e+00,0.000000e+00,0.000000e+00,0.000000e+00,0.000000e+00,0.000000e+00,0.000000e+00,4,49
0.000000e+00,1.064141e-07,2.134011e-07,4.002774e-07,0.000000e+00,0.000000e+00,0.000000e+00,0.000000e+00,0.000000e+00,0.000000e+00,0.000000e+00,5,49
0.000000e+00,-3.440407e-09,-1.624938e-07,3.942834e-07,0.000000e+00,0.000000e+00,0.000000e+00,0.000000e+00,0.000000e+00,0.000000e+00,0.000000e+00,6,49
0.000000e+00,7.926519e-08,3.962736e-08,4.250375e-07,0.000000e+00,0.000000e+00,0.000000e+00,0.000000e+00,0.000000e+00,0.000000e+00,0.000000e+00,7,49
0.000000e+00,-1.099201e-07,2.030534e-07,4.016504e-07,0.000000e+00,0.000000e+00,0.000000e+00,0.000000e+00,0.000000e+00,0.000000e+00,0.000000e+00,8,49
0.000000e+00,2.097355e-07,-1.799061e-08,3.233690e-07,0.000000e+00,0.000000e+00,0.000000e+00,0.000000e+00,0.000000e+00,0.000000e+00,0.000000e+00,9,49
0.000000e+00,1.534983e-07,-5.157741e-08,1.831689e-07,0.000000e+00,0.000000e+00,0.000000e+00,0.000000e+00,0.000000e+00,0.000000e+00,0.000000e+00,10,49
0.000000e+00,-1.240999e-07,1.054496e-07,4.960428e-07,0.000000e+00,0.000000e+00,0.000000e+00,0.000000e+00,0.000000e+00,0.000000e+00,0.000000e+00,11,49
0.000000e+00,-1.613954e-07,8.158241e-08,5.873465e-07,0.000000e+00,0.000000e+00,0.000000e+00,0.000000e+00,0.000000e+00,0.000000e+00,0.000000e+00,12,49
0.000000e+00,1.447059e-07,-2.009231e-07,4.420350e-07,0.000000e+00,0.000000e+00,0.000000e+00,0.000000e+00,0.000000e+00,0.000000e+00,0.000000e+00,13,49
0.000000e+00,2.536120e-08,-2.629017e-07,3.179909e-07,0.000000e+00,0.000000e+00,0.000000e+00,0.000000e+00,0.000000e+00,0.000000e+00,0.000000e+00,14,49
0.000000e+00,-1.234998e-07,-7.815024e-08,2.302783e-07,0.000000e+00,0.000000e+00,0.000000e+00,0.000000e+00,0.000000e+00,0.000000e+00,0.000000e+00,15,49
0.000000e+00,-1.667226e-07,6.778023e-08,5.057050e-07,0.000000e+00,0.000000e+00,0.000000e+00,0.000000e+00,0.000000e+00,0.000000e+00,0.000000e+00,16,49
0.000000e+00,-1.388707e-07,1.467327e-08,2.467992e-07,0.000000e+00,0.000000e+00,0.000000e+00,0.000000e+00,0.000000e+00,0.000000e+00,0.000000e+00,17,49
0.000000e+00,6.277483e-08,-5.963037e-08,2.139211e-07,0.000000e+00,0.000000e+00,0.000000e+00,0.000000e+00,0.000000e+00,0.000000e+00,0.000000e+00,18,49
0.000000e+00,-3.581611e-08,-1.099125e-07,6.403819e-07,0.000000e+00,0.000000e+00,0.000000e+00,0.000000e+00,0.000000e+00,0.000000e+00,0.000000e+00,19,49
0.000000e+00,-5.404474e-08,-4.226301e-08,3.118329e-07,0.000000e+00,0.000000e+00,0.000000e+00,0.000000e+00,0.000000e+00,0.000000e+00,0.000000e+00,20,49
0.000000e+00,1.518638e-08,-1.956231e-07,2.955122e-07,0.000000e+00,0.000000e+00,0.000000e+00,0.000000e+00,0.000000e+00,0.000000e+00,0.000000e+00,21,49
0.000000e+00,-1.667356e-07,1.435309e-07,5.711767e-07,0.000000e+00,0.000000e+00,0.000000e+00,0.000000e+00,0.000000e+00,0.000000e+00,0.000000e+00,22,49
0.000000e+00,5.969658e-08,-5.709065e-08,6.263555e-07,0.000000e+00,0.000000e+00,0.000000e+00,0.000000e+00,0.000000e+00,0.000000e+00,0.000000e+00,23,49
0.000000e+00,1.126399e-07,2.154205e-07,3.468352e-07,0.000000e+00,0.000000e+00,0.000000e+00,0.000000e+00,0.000000e+00,0.000000e+00,0.000000e+00,24,49
0.000000e+00,-7.485070e-08,-2.662692e-07,3.170360e-07,0.000000e+00,0.000000e+00,0.000000e+00,0.000000e+00,0.000000e+00,0.000000e+00,0.000000e+00,25,49
0.000000e+00,-2.616072e-08,2.888440e-08,6.698240e-07,0.000000e+00,0.000000e+00,0.000000e+00,0.000000e+00,0.000000e+00,0.000000e+00,0.000000e+00,26,49
0.000000e+00,-2.507243e-08,1.732664e-07,4.422598e-07,0.000000e+00,0.000000e+00,0.000000e+00,0.000000e+00,0.000000e+00,0.000000e+00,0.000000e+00,27,49
0.000000e+00,4.703928e-08,6.124572e-08,1.740928e-07,0.000000e+00,0.000000e+00,0.000000e+00,0.000000e+00,0.000000e+00,0.000000e+00,0.000000e+00,28,49
0.000000e+00,-8.198690e-08,-1.240625e-07,2.663840e-07,0.000000e+00,0.000000e+00,0.000000e+00,0.000000e+00,0.000000e+00,0.000000e+00,0.000000e+00,29,49
0.000000e+00,-2.842797e-08,2.112351e-07,3.194543e-07,0.000000e+00,0.000000e+00,0.000000e+00,0.000000e+00,0.000000e+00,0.000000e+00,0.000000e+00,30,49
0.000000e+00,5.968536e-08,-2.034302e-07,4.617203e-07,0.000000e+00,0.000000e+00,0.000000e+00,0.000000e+00,0.000000e+00,0.000000e+00,0.000000e+00,31,49
0.000000e+00,3.889357e-08,1.811336e-07,4.074547e-07,0.000000e+00,0.000000e+00,0.000000e+00,0.000000e+00,0.000000e+00,0.000000e+00,0.000000e+00,32,49
0.000000e+00,-7.342146e-08,-7.821314e-08,3.749124e-07,0.000000e+00,0.000000e+00,0.000000e+00,0.000000e+00,0.000000e+00,0.000000e+00,0.000000e+00,33,49
0.000000e+00,-1.012042e-07,-2.459042e-07,3.570944e-07,0.000000e+00,0.000000e+00,0.000000e+00,0.000000e+00,0.000000e+00,0.000000e+00,0.000000e+00,34,49
0.000000e+00,3.986501e-08,-1.819284e-08,5.537065e-07,0.000000e+00,0.000000e+00,0.000000e+00,0.000000e+00,0.000000e+00,0.000000e+00,0.000000e+00,35,49
0.000000e+00,-1.659092e-07,1.953914e-07,3.449536e-07,0.000000e+00,0.000000e+00,0.000000e+00,0.000000e+00,0.000000e+00,0.000000e+00,0.000000e+00,36,49
0.000000e+00,1.430373e-09,1.324268e-08,5.547411e-07,0.000000e+00,0.000000e+00,0.000000e+00,0.000000e+00,0.000000e+00,0.000000e+00,0.000000e+00,37,49
0.000000e+00,-2.533365e-07,1.311297e-07,3.934224e-07,0.000000e+00,0.000000e+00,0.000000e+00,0.000000e+00,0.000000e+00,0.000000e+00,0.000000e+00,38,49
0.000000e+00,-4.118162e-08,-1.521525e-07,1.667465e-07,0.000000e+00,0.000000e+00,0.000000e+00,0.000000e+00,0.000000e+00,0.000000e+00,0.000000e+00,39,49
0.000000e+00,1.315686e-08,1.863047e-07,4.801990e-07,0.000000e+00,0.000000e+00,0.000000e+00,0.000000e+00,0.000000e+00,0.000000e+00,0.000000e+00,40,49
0.000000e+00,-9.085114e-08,2.585901e-07,3.300031e-07,0.000000e+00,0.000000e+00,0.000000e+00,0.000000e+00,0.000000e+00,0.000000e+00,0.000000e+00,41,49
0.000000e+00,1.603300e-07,-7.229954e-08,4.829453e-07,0.000000e+00,0.000000e+00,0.000000e+00,0.000000e+00,0.000000e+00,0.000000e+00,0.000000e+00,42,49
0.000000e+00,-2.711943e-08,2.089767e-08,6.459135e-07,0.000000e+00,0.000000e+00,0.000000e+00,0.000000e+00,0.000000e+00,0.000000e+00,0.000000e+00,43,49
0.000000e+00,7.819976e-08,-1.750684e-07,1.715874e-07,0.000000e+00,0.000000e+00,0.000000e+00,0.000000e+00,0.000000e+00,0.000000e+00,0.000000e+00,44,49
0.000000e+00,2.020447e-07,4.559288e-08,3.780992e-07,0.000000e+00,0.000000e+00,0.000000e+00,0.000000e+00,0.000000e+00,0.000000e+00,0.000000e+00,45,49
0.000000e+00,-7.624717e-08,2.564846e-07,3.871789e-07,0.000000e+00,0.000000e+00,0.000000e+00,0.000000e+00,0.000000e+00,0.000000e+00,0.000000e+00,46,49
0.000000e+00,2.240624e-07,-3.053140e-08,2.167955e-07,0.000000e+00,0.000000e+00,0.000000e+00,0.000000e+00,0.000000e+00,0.000000e+00,0.000000e+00,47,49
0.000000e+00,1.160498e-07,8.512666e-08,2.705731e-07,0.000000e+00,0.000000e+00,0.000000e+00,0.000000e+00,0.000000e+00,0.000000e+00,0.000000e+00,48,49
0.000000e+00,2.995067e-09,-7.587996e-10,3.818145e-07,0.000000e+00,0.000000e+00,0.000000e+00,0.000000e+00,0.000000e+00,0.000000e+00,0.000000e+00,49,49
0.000000e+00,1.952863e-07,-4.629518e-08,3.021000e-07,0.000000e+00,0.000000e+00,0.000000e+00,0.000000e+00,0.000000e+00,0.000000e+00,0.000000e+00,50,49
0.000000e+00,-8.085929e-08,2.081029e-07,3.563317e-07,0.000000e+00,0.000000e+00,0.000000e+00,0.000000e+00,0.000000e+00,0.000000e+00,0.000000e+00,51,49
0.000000e+00,-3.351512e-08,2.281665e-09,6.080443e-07,0.000000e+00,0.000000e+00,0.000000e+00,0.000000e+00,0.000000e+00,0.000000e+00,0.000000e+00,52,49
0.000000e+00,4.929243e-09,-1.474503e-08,4.083286e-07,0.000000e+00,0.000000e+00,0.000000e+00,0.000000e+00,0.000000e+00,0.000000e+00,0.000000e+00,53,49
0.000000e+00,-7.822133e-08,-2.077016e-07,3.453370e-07,0.000000e+00,0.000000e+00,0.000000e+00,0.000000e+00,0.000000e+00,0.000000e+00,0.000000e+00,54,49
0.000000e+00,-2.694670e-08,1.432506e-07,1.943265e-07,0.000000e+00,0.000000e+00,0.000000e+00,0.000000e+00,0.000000e+00,0.000000e+00,0.000000e+00,55,49
0.000000e+00,-7.066555e-08,1.229849e-07,2.470266e-07,0.000000e+00,0.000000e+00,0.000000e+00,0.000000e+00,0.000000e+00,0.000000e+00,0.000000e+00,56,49
0.000000e+00,9.473506e-08,2.474292e-07,2.947814e-07,0.000000e+00,0.000000e+00,0.000000e+00,0.000000e+00,0.000000e+00,0.000000e+00,0.000000e+00,57,49
0.000000e+00,1.899989e-07,1.308394e-07,5.583861e-07,0.000000e+00,0.000000e+00,0.000000e+00,0.000000e+00,0.000000e+00,0.000000e+00,0.000000e+00,58,49
0.000000e+00,-9.654787e-08,-3.472381e-08,4.659594e-07,0.000000e+00,0.000000e+00,0.000000e+00,0.000000e+00,0.000000e+00,0.000000e+00,0.000000e+00,59,49
0.000000e+00,-8.370190e-08,-9.468665e-08,4.945537e-07,0.000000e+00,0.000000e+00,0.000000e+00,0.000000e+00,0.000000e+00,0.000000e+00,0.000000e+00,60,49
0.000000e+00,7.844500e-08,1.757426e-08,5.923430e-07,0.000000e+00,0.000000e+00,0.000000e+00,0.000000e+00,0.000000e+00,0.000000e+00,0.000000e+00,61,49
0.000000e+00,-8.870390e-08,1.085991e-07,4.299632e-07,0.000000e+00,0.000000e+00,0.000000e+00,0.000000e+00,0.000000e+00,0.000000e+00,0.000000e+00,62,49
0.000000e+00,3.385121e-08,-1.223324e-07,2.262282e-07,0.000000e+00,0.000000e+00,0.000000e+00,0.000000e+00,0.000000e+00,0.000000e+00,0.000000e+00,63,49
0.000000e+00,1.173862e-07,-2.138488e-07,3.913526e-07,0.000000e+00,0.000000e+00,0.000000e+00,0.000000e+00,0.000000e+00,0.000000e+00,0.000000e+00,64,49
0.000000e+00,1.415122e-08,1.933184e-07,2.754130e-07,0.000000e+00,0.000000e+00,0.000000e+00,0.000000e+00,0.000000e+00,0.000000e+00,0.000000e+00,65,49
0.000000e+00,2.210795e-07,7.842171e-08,3.950361e-07,0.000000e+00,0.000000e+00,0.000000e+00,0.000000e+00,0.000000e+00,0.000000e+00,0.000000e+00,66,49
0.000000e+00,7.235803e-08,5.558396e-08,3.624568e-07,0.000000e+00,0.000000e+00,0.000000e+00,0.000000e+00,0.000000e+00,0.000000e+00,0.000000e+00,67,49
0.000000e+00,1.116459e-07,4.730286e-08,6.311271e-07,0.000000e+00,0.000000e+00,0.000000e+00,0.000000e+00,0.000000e+00,0.000000e+00,0.000000e+00,68,49
0.000000e+00,2.819891e-08,1.787062e-07,3.444170e-07,0.000000e+00,0.000000e+00,0.000000e+00,0.000000e+00,0.000000e+00,0.000000e+00,0.000000e+00,69,49
0.000000e+00,-1.580879e-07,-4.979635e-08,5.417252e-07,0.000000e+00,0.000000e+00,0.000000e+00,0.000000e+00,0.000000e+00,0.000000e+00,0.000000e+00,70,49
0.000000e+00,7.741803e-08,-1.804031e-07,2.065121e-07,0.000000e+00,0.000000e+00,0.000000e+00,0.000000e+00,0.000000e+00,0.000000e+00,0.000000e+00,71,49
0.000000e+00,-1.142573e-07,5.305214e-08,2.601807e-07,0.000000e+00,0.000000e+00,0.000000e+00,0.000000e+00,0.000000e+00,0.000000e+00,0.000000e+00,72,49
0.000000e+00,-4.661876e-08,-2.711731e-07,3.476659e-07,0.000000e+00,0.000000e+00,0.000000e+00,0.000000e+00,0.000000e+00,0.000000e+00,0.000000e+00,73,49
0.000000e+00,6.128444e-09,-3.708277e-08,4.873010e-07,0.000000e+00,0.000000e+00,0.000000e+00,0.000000e+00,0.000000e+00,0.000000e+00,0.000000e+00,74,49
0.000000e+00,-8.166671e-08,1.440014e-07,4.947999e-07,0.000000e+00,0.000000e+00,0.000000e+00,0.000000e+00,0.000000e+00,0.000000e+00,0.000000e+00,75,49
0.000000e+00,1.355097e-07,-1.237316e-07,5.530877e-07,0.000000e+00,0.000000e+00,0.000000e+00,0.000000e+00,0.000000e+00,0.000000e+00,0.000000e+00,76,49
0.000000e+00,5.295385e-08,1.737207e-08,2.005085e-07,0.000000e+00,0.000000e+00,0.000000e+00,0.000000e+00,0.000000e+00,0.000000e+00,0.000000e+00,77,49
0.000000e+00,1.751318e-08,-5.345331e-08,5.661841e-07,0.000000e+00,0.000000e+00,0.000000e+00,0.000000e+00,0.000000e+00,0.000000e+00,0.000000e+00,78,49
0.000000e+00,-5.314523e-09,-5.758587e-08,5.228670e-07,0.000000e+00,0.000000e+00,0.000000e+00,0.000000e+00,0.000000e+00,0.000000e+00,0.000000e+00,79,49
0.000000e+00,-1.174568e-07,2.098732e-07,5.139995e-07,0.000000e+00,0.000000e+00,0.000000e+00,0.000000e+00,0.000000e+00,0.000000e+00,0.000000e+00,80,49
0.000000e+00,1.230059e-07,-4.445837e-09,1.848523e-07,0.000000e+00,0.000000e+00,0.000000e+00,0.000000e+00,0.000000e+00,0.000000e+00,0.000000e+00,81,49
0.000000e+00,-2.206352e-07,-1.920559e-07,4.297344e-07,0.000000e+00,0.000000e+00,0.000000e+00,0.000000e+00,0.000000e+00,0.000000e+00,0.000000e+00,82,49
0.000000e+00,2.924448e-08,1.935204e-07,6.079429e-07,0.000000e+00,0.000000e+00,0.000000e+00,0.000000e+00,0.000000e+00,0.000000e+00,0.000000e+00,83,49
0.000000e+00,-1.335067e-07,5.683633e-08,5.208518e-07,0.000000e+00,0.000000e+00,0.000000e+00,0.000000e+00,0.000000e+00,0.000000e+00,0.000000e+00,84,49
0.000000e+00,-4.218875e-08,2.990528e-08,5.479704e-07,0.000000e+00,0.000000e+00,0.000000e+00,0.000000e+00,0.000000e+00,0.000000e+00,0.000000e+00,85,49
0.000000e+00,-1.772707e-07,-1.617793e-07,3.328342e-07,0.000000e+00,0.000000e+00,0.000000e+00,0.000000e+00,0.000000e+00,0.000000e+00,0.000000e+00,86,49
0.000000e+00,-1.683914e-08,-1.354727e-07,2.001184e-07,0.000000e+00,0.000000e+00,0.000000e+00,0.000000e+00,0.000000e+00,0.000000e+00,0.000000e+00,87,49
0.000000e+00,2.455906e-07,-4.007550e-08,5.051663e-07,0.000000e+00,0.000000e+00,0.000000e+00,0.000000e+00,0.000000e+00,0.000000e+00,0.000000e+00,88,49
0.000000e+00,6.493829e-08,1.811648e-09,3.640891e-07,0.000000e+00,0.000000e+00,0.000000e+00,0.000000e+00,0.000000e+00,0.000000e+00,0.000000e+00,89,49
0.000000e+00,2.554647e-07,-6.221707e-08,3.861335e-07,0.000000e+00,0.000000e+00,0.000000e+00,0.000000e+00,0.000000e+00,0.000000e+00,0.000000e+00,90,49
0.000000e+00,-2.224761e-07,-1.338242e-07,3.080195e-07,0.000000e+00,0.000000e+00,0.000000e+00,0.000000e+00,0.000000e+00,0.000000e+00,0.000000e+00,91,49
0.000000e+00,2.121105e-07,2.239566e-08,5.735345e-07,0.000000e+00,0.000000e+00,0.000000e+00,0.000000e+00,0.000000e+00,0.000000e+00,0.000000e+00,92,49
0.000000e+00,-4.357029e-08,-1.652519e-07,4.510519e-07,0.000000e+00,0.000000e+00,0.000000e+00,0.000000e+00,0.000000e+00,0.000000e+00,0.000000e+00,93,49
0.000000e+00,2.407187e-07,9.127111e-08,2.509953e-07,0.000000e+00,0.000000e+00,0.000000e+00,0.000000e+00,0.000000e+00,0.000000e+00,0.000000e+00,94,49
0.000000e+00,1.990083e-07,4.752759e-08,4.028636e-07,0.000000e+00,0.000000e+00,0.000000e+00,0.000000e+00,0.000000e+00,0.000000e+00,0.000000e+00,95,49
0.000000e+00,-5.424376e-08,1.254647e-07,2.376658e-07,0.000000e+00,0.000000e+00,0.000000e+00,0.000000e+00,0.000000e+00,0.000000e+00,0.000000e+00,96,49
0.000000e+00,1.439083e-07,1.152358e-07,3.361932e-07,0.000000e+00,0.000000e+00,0.000000e+00,0.000000e+00,0.000000e+00,0.000000e+00,0.000000e+00,97,49
0.000000e+00,2.973516e-09,-5.984363e-08,5.207177e-07,0.000000e+00,0.000000e+00,0.000000e+00,0.000000e+00,0.000000e+00,0.000000e+00,0.000000e+00,98,49
0.000000e+00,-2.702408e-08,2.487968e-07,5.480584e-07,0.000000e+00,0.000000e+00,0.000000e+00,0.000000e+00,0.000000e+00,0.000000e+00,0.000000e+00,99,49
