0.000000e+00,1.225621e-07,-6.918833e-08,1.805197e-07,0.000000e+00,0.000000e+00,0.000000e+00,0.000000e+00,0.000000e+00,0.000000e+00,0.000000e+00,0,349
0.000000e+00,2.646316e-07,4.778089e-08,3.597454e-07,0.000000e+00,0.000000e+00,0.000000e+00,0.000000e+00,0.000000e+00,0.000000e+00,0.000000e+00,1,349
0.000000e+00,7.057397e-08,-1.035743e-07,2.766280e-07,0.000000e+00,0.000000e+00,0.000000e+00,0.000000e+00,0.000000e+00,0.000000e+00,0.000000e+00,2,349
0.000000e+00,-6.091287e-08,6.249333e-08,2.114106e-07,0.000000e+00,0.000000e+00,0.000000e+00,0.000000e+00,0.000000e+00,0.000000e+00,0.000000e+00,3,349
0.000000e+00,4.005575e-08,1.631848e-07,6.113159e-07,0.000000e+00,0.000000e+00,0.000000e+00,0.000000e+00,0.000000e+00,0.000000e+00,0.000000e+00,4,349
0.000000e+00,1.317704e-07,5.718008e-08,2.040098e-07,0.000000e+00,0.000000e+00,0.000000e+00,0.000000e+00,0.000000e+00,0.000000e+00,0.000000e+00,5,349
0.000000e+00,-1.812108e-07,1.795049e-07,3.675895e-07,0.000000e+00,0.000000e+00,0.000000e+00,0.000000e+00,0.000000e+00,0.000000e+00,0.000000e+00,6,349
0.000000e+00,-1.643160e-07,-1.265540e-07,2.884514e-07,0.000000e+00,0.000000e+00,0.000000e+00,0.000000e+00,0.000000e+00,0.000000e+00,0.000000e+00,7,349
0.000000e+00,-2.176741e-07,-1.174069e-08,2.627623e-07,0.000000e+00,0.000000e+00,0.000000e+00,0.000000e+00,0.000000e+00,0.000000e+00,0.000000e+00,8,349
0.000000e+00,7.711179e-08,-2.230488e-08,6.804573e-07,0.000000e+00,0.000000e+00,0.000000e+00,0.000000e+00,0.000000e+00,0.000000e+00,0.000000e+00,9,349
0.000000e+00,6.923044e-08,-2.463702e-07,2.829025e-07,0.000000e+00,0.000000e+00,0.000000e+00,0.000000e+00,0.000000e+00,0.000000e+00,0.000000e+00,10,349
0.000000e+00,-1.798327e-09,-9.684332e-08,4.128549e-07,0.000000e+00,0.000000e+00,0.000000e+00,0.000000e+00,0.000000e+00,0.000000e+00,0.000000e+00,11,349
0.000000e+00,-4.843486e-08,1.786726e-07,2.085956e-07,0.000000e+00,0.000000e+00,0.000000e+00,0.000000e+00,0.000000e+00,0.000000e+00,0.000000e+00,12,349
0.000000e+00,3.613101e-08,-2.694091e-08,4.278472e-07,0.000000e+00,0.000000e+00,0.000000e+00,0.000000e+00,0.000000e+00,0.000000e+00,0.000000e+00,13,349
0.000000e+00,-2.341138e-07,1.191087e-08,4.066850e-07,0.000000e+00,0.000000e+00,0.000000e+00,0.000000e+00,0.000000e+00,0.000000e+00,0.000000e+00,14,349
0.000000e+00,-4.819826e-08,-1.426911e-08,1.237760e-07,0.000000e+00,0.000000e+00,0.000000e+00,0.000000e+00,0.000000e+00,0.000000e+00,0.000000e+00,15,349
0.000000e+00,5.502958e-08,4.939806e-08,2.792894e-07,0.000000e+00,0.000000e+00,0.000000e+00,0.000000e+00,0.000000e+00,0.000000e+00,0.000000e+00,16,349
0.000000e+00,-1.564789e-08,-1.115815e-07,3.345419e-07,0.000000e+00,0.000000e+00,0.000000e+00,0.000000e+00,0.000000e+00,0.000000e+00,0.000000e+00,17,349
0.000000e+00,-1.463333e-07,2.017183e-07,5.425052e-07,0.000000e+00,0.000000e+00,0.000000e+00,0.000000e+00,0.000000e+00,0.000000e+00,0.000000e+00,18,349
0.000000e+00,-1.850401e-07,2.124067e-09,5.518739e-07,0.000000e+00,0.000000e+00,0.000000e+00,0.000000e+00,0.000000e+00,0.000000e+00,0.000000e+00,19,349
0.000000e+00,8.574392e-08,5.622013e-08,4.005470e-07,0.000000e+00,0.000000e+00,0.000000e+00,0.000000e+00,0.000000e+00,0.000000e+00,0.000000e+00,20,349
0.000000e+00,-6.183543e-08,9.312329e-08,4.084093e-07,0.000000e+00,0.000000e+00,0.000000e+00,0.000000e+00,0.000000e+00,0.000000e+00,0.000000e+00,21,349
0.000000e+00,7.872809e-08,-6.556484e-08,4.772649e-07,0.000000e+00,0.000000e+00,0.000000e+00,0.000000e+00,0.000000e+00,0.000000e+00,0.000000e+00,22,349
0.000000e+00,-1.606830e-07,-1.533151e-07,5.541371e-07,0.000000e+00,0.000000e+00,0.000000e+00,0.000000e+00,0.000000e+00,0.000000e+00,0.000000e+00,23,349
0.000000e+00,1.650356e-07,-5.472482e-08,6.317864e-07,0.000000e+00,0.000000e+00,0.000000e+00,0.000000e+00,0.000000e+00,0.000000e+00,0.000000e+00,24,349
0.000000e+00,-3.338345e-08,-1.433898e-07,6.115597e-07,0.000000e+00,0.000000e+00,0.000000e+00,0.000000e+00,0.000000e+00,0.000000e+00,0.000000e+00,25,349
0.000000e+00,-8.652947e-08,-2.788435e-07,4.443034e-07,0.000000e+00,0.000000e+00,0.000000e+00,0.000000e+00,0.000000e+00,0.000000e+00,0.000000e+00,26,349
0.000000e+00,7.748414e-09,9.665865e-08,4.628715e-07,0.000000e+00,0.000000e+00,0.000000e+00,0.000000e+00,0.000000e+00,0.000000e+00,0.000000e+00,27,349
0.000000e+00,-1.190126e-07,7.381609e-09,4.229403e-07,0.000000e+00,0.000000e+00,0.000000e+00,0.000000e+00,0.000000e+00,0.000000e+00,0.000000e+00,28,349
0.000000e+00,2.502047e-07,-7.488655e-08,4.339417e-07,0.000000e+00,0.000000e+00,0.000000e+00,0.000000e+00,0.000000e+00,0.000000e+00,0.000000e+00,29,349
0.000000e+00,1.743136e-07,-1.627492e-07,4.464592e-07,0.000000e+00,0.000000e+00,0.000000e+00,0.000000e+00,0.000000e+00,0.000000e+00,0.000000e+00,30,349
0.000000e+00,2.292362e-07,-1.330073e-07,2.675387e-07,0.000000e+00,0.000000e+00,0.000000e+00,0.000000e+00,0.000000e+00,0.000000e+00,0.000000e+00,31,349
0.000000e+00,6.545842e-08,2.017616e-07,2.306403e-07,0.000000e+00,0.000000e+00,0.000000e+00,0.000000e+00,0.000000e+00,0.000000e+00,0.000000e+00,32,349
0.000000e+00,1.115325e-09,4.007400e-08,5.296725e-07,0.000000e+00,0.000000e+00,0.000000e+00,0.000000e+00,0.000000e+00,0.000000e+00,0.000000e+00,33,349
0.000000e+00,1.051251e-07,1.975948e-07,5.216111e-07,0.000000e+00,0.000000e+00,0.000000e+00,0.000000e+00,0.000000e+00,0.000000e+00,0.000000e+00,34,349
0.000000e+00,-2.415441e-07,8.303426e-08,5.276262e-07,0.000000e+00,0.000000e+00,0.000000e+00,0.000000e+00,0.000000e+00,0.000000e+00,0.000000e+00,35,349
0.000000e+00,1.075303e-07,-9.859489e-08,3.459740e-07,0.000000e+00,0.000000e+00,0.000000e+00,0.000000e+00,0.000000e+00,0.000000e+00,0.000000e+00,36,349
0.000000e+00,5.058357e-08,-1.828607e-07,4.922167e-07,0.000000e+00,0.000000e+00,0.000000e+00,0.000000e+00,0.000000e+00,0.000000e+00,0.000000e+00,37,349
0.000000e+00,1.744718e-07,1.353033e-07,3.400186e-07,0.000000e+00,0.000000e+00,0.000000e+00,0.000000e+00,0.000000e+00,0.000000e+00,0.000000e+00,38,349
0.000000e+00,-1.436575e-07,-1.555794e-07,4.230261e-07,0.000000e+00,0.000000e+00,0.000000e+00,0.000000e+00,0.000000e+00,0.000000e+00,0.000000e+00,39,349
0.000000e+00,-6.252729e-08,-7.195431e-08,1.996445e-07,0.000000e+00,0.000000e+00,0.000000e+00,0.000000e+00,0.000000e+00,0.000000e+00,0.000000e+00,40,349
0.000000e+00,2.301659e-07,6.964194e-09,2.587480e-07,0.000000e+00,0.000000e+00,0.000000e+00,0.000000e+00,0.000000e+00,0.000000e+00,0.000000e+00,41,349
0.000000e+00,1.901286e-07,2.127370e-07,4.491454e-07,0.000000e+00,0.000000e+00,0.000000e+00,0.000000e+00,0.000000e+00,0.000000e+00,0.000000e+00,42,349
0.000000e+00,1.267422e-07,-1.674185e-07,5.771064e-07,0.000000e+00,0.000000e+00,0.000000e+00,0.000000e+00,0.000000e+00,0.000000e+00,0.000000e+00,43,349
0.000000e+00,-1.066228e-07,-1.308321e-07,6.049261e-07,0.000000e+00,0.000000e+00,0.000000e+00,0.000000e+00,0.000000e+00,0.000000e+00,0.000000e+00,44,349
0.000000e+00,-2.509648e-07,1.407618e-07,3.640765e-07,0.000000e+00,0.000000e+00,0.000000e+00,0.000000e+00,0.000000e+00,0.000000e+00,0.000000e+00,45,349
0.000000e+00,-1.447795e-07,-2.634340e-08,2.346223e-07,0.000000e+00,0.000000e+00,0.000000e+00,0.000000e+00,0.000000e+00,0.000000e+00,0.000000e+00,46,349
0.000000e+00,2.097682e-07,1.102745e-07,5.104651e-07,0.000000e+00,0.000000e+00,0.000000e+00,0.000000e+00,0.000000e+00,0.000000e+00,0.000000e+00,47,349
0.000000e+00,-1.338573e-07,1.762642e-07,2.811728e-07,0.000000e+00,0.000000e+00,0.000000e+00,0.000000e+00,0.000000e+00,0.000000e+00,0.000000e+00,48,349
0.000000e+00,2.778775e-07,-4.680131e-09,4.357912e-07,0.000000e+00,0.000000e+00,0.000000e+00,0.000000e+00,0.000000e+00,0.000000e+00,0.000000e+00,49,349
0.000000e+00,-1.627161e-08,2.771716e-07,3.867996e-07,0.000000e+00,0.000000e+00,0.000000e+00,0.000000e+00,0.000000e+00,0.000000e+00,0.000000e+00,50,349
0.000000e+00,-1.823426e-08,-9.480687e-09,2.724948e-07,0.000000e+00,0.000000e+00,0.000000e+00,0.000000e+00,0.000000e+00,0.000000e+00,0.000000e+00,51,349
0.000000e+00,5.625642e-08,-1.876394e-07,3.944641e-07,0.000000e+00,0.000000e+00,0.000000e+00,0.000000e+00,0.000000e+00,0.000000e+00,0.000000e+00,52,349
0.000000e+00,6.268606e-08,-3.533578e-08,3.108253e-07,0.000000e+00,0.000000e+00,0.000000e+00,0.000000e+00,0.000000e+00,0.000000e+00,0.000000e+00,53,349
0.000000e+00,-1.835595e-07,1.755302e-07,4.479463e-07,0.000000e+00,0.000000e+00,0.000000e+00,0.000000e+00,0.000000e+00,0.000000e+00,0.000000e+00,54,349
0.000000e+00,-1.921484e-08,1.211898e-07,3.148407e-07,0.000000e+00,0.000000e+00,0.000000e+00,0.000000e+00,0.000000e+00,0.000000e+00,0.000000e+00,55,349
0.000000e+00,9.729594e-08,2.041132e-07,3.351892e-07,0.000000e+00,0.000000e+00,0.000000e+00,0.000000e+00,0.000000e+00,0.000000e+00,0.000000e+00,56,349
0.000000e+00,-2.285538e-07,-1.355541e-07,4.643037e-07,0.000000e+00,0.000000e+00,0.000000e+00,0.000000e+00,0.000000e+00,0.000000e+00,0.000000e+00,57,349
0.000000e+00,-2.664851e-07,7.169174e-08,3.051426e-07,0.000000e+00,0.000000e+00,0.000000e+00,0.000000e+00,0.000000e+00,0.000000e+00,0.000000e+00,58,349
0.000000e+00,1.464193e-07,4.135108e-08,2.773232e-07,0.000000e+00,0.000000e+00,0.000000e+00,0.000000e+00,0.000000e+00,0.000000e+00,0.000000e+00,59,349
0.000000e+00,-9.781813e-08,-1.797487e-08,5.557060e-07,0.000000e+00,0.000000e+00,0.000000e+00,0.000000e+00,0.000000e+00,0.000000e+00,0.000000e+00,60,349
0.000000e+00,-3.434111e-08,1.956745e-07,3.759608e-07,0.000000e+00,0.000000e+00,0.000000e+00,0.000000e+00,0.000000e+00,0.000000e+00,0.000000e+00,61,349
0.000000e+00,-1.198318e-08,-6.055087e-08,4.932692e-07,0.000000e+00,0.000000e+00,0.000000e+00,0.000000e+00,0.000000e+00,0.000000e+00,0.000000e+00,62,349
0.000000e+00,1.721025e-07,2.000931e-07,3.028081e-07,0.000000e+00,0.000000e+00,0.000000e+00,0.000000e+00,0.000000e+00,0.000000e+00,0.000000e+00,63,349
0.000000e+00,-1.121669e-07,1.082771e-07,6.111064e-07,0.000000e+00,0.000000e+00,0.000000e+00,0.000000e+00,0.000000e+00,0.000000e+00,0.000000e+00,64,349
0.000000e+00,6.632224e-08,1.643216e-07,3.988973e-07,0.000000e+00,0.000000e+00,0.000000e+00,0.000000e+00,0.000000e+00,0.000000e+00,0.000000e+00,65,349
0.000000e+00,-5.538714e-08,-1.953721e-07,2.321205e-07,0.000000e+00,0.000000e+00,0.000000e+00,0.000000e+00,0.000000e+00,0.000000e+00,0.000000e+00,66,349
0.000000e+00,-1.772496e-07,-5.355111e-08,4.562216e-07,0.000000e+00,0.000000e+00,0.000000e+00,0.000000e+00,0.000000e+00,0.000000e+00,0.000000e+00,67,349
0.000000e+00,1.207122e-07,-6.210093e-08,5.622652e-07,0.000000e+00,0.000000e+00,0.000000e+00,0.000000e+00,0.000000e+00,0.000000e+00,0.000000e+00,68,349
0.000000e+00,-6.008548e-08,1.856647e-07,4.531092e-07,0.000000e+00,0.000000e+00,0.000000e+00,0.000000e+00,0.000000e+00,0.000000e+00,0.000000e+00,69,349
0.000000e+00,1.006924e-07,1.154084e-07,5.627228e-07,0.000000e+00,0.000000e+00,0.000000e+00,0.000000e+00,0.000000e+00,0.000000e+00,0.000000e+00,70,349
0.000000e+00,8.190017e-08,9.375294e-08,4.648578e-07,0.000000e+00,0.000000e+00,0.000000e+00,0.000000e+00,0.000000e+00,0.000000e+00,0.000000e+00,71,349
0.000000e+00,-5.108788e-08,-1.663552e-07,5.335954e-07,0.000000e+00,0.000000e+00,0.000000e+00,0.000000e+00,0.000000e+00,0.000000e+00,0.000000e+00,72,349
0.000000e+00,-1.986117e-07,6.096103e-08,2.285731e-07,0.000000e+00,0.000000e+00,0.000000e+00,0.000000e+00,0.000000e+00,0.000000e+00,0.000000e+00,73,349
0.000000e+00,-1.018817e-07,-1.080729e-07,5.092586e-07,0.000000e+00,0.000000e+00,0.000000e+00,0.000000e+00,0.000000e+00,0.000000e+00,0.000000e+00,74,349
0.000000e+00,2.577719e-07,1.219222e-07,3.380548e-07,0.000000e+00,0.000000e+00,0.000000e+00,0.000000e+00,0.000000e+00,0.000000e+00,0.000000e+00,75,349
0.000000e+00,-6.936958e-08,8.369319e-08,5.308689e-07,0.000000e+00,0.000000e+00,0.000000e+00,0.000000e+00,0.000000e+00,0.000000e+00,0.000000e+00,76,349
0.000000e+00,-6.125955e-08,2.208686e-07,3.100726e-07,0.000000e+00,0.000000e+00,0.000000e+00,0.000000e+00,0.000000e+00,0.000000e+00,0.000000e+00,77,349
0.000000e+00,-1.590731e-07,1.298223e-07,1.875967e-07,0.000000e+00,0.000000e+00,0.000000e+00,0.000000e+00,0.000000e+00,0.000000e+00,0.000000e+00,78,349
0.000000e+00,-9.609374e-08,-2.623053e-07,3.247366e-07,0.000000e+00,0.000000e+00,0.000000e+00,0.000000e+00,0.000000e+00,0.000000e+00,0.000000e+00,79,349
0.000000e+00,-1.918784e-07,-9.124855e-08,3.544810e-07,0.000000e+00,0.000000e+00,0.000000e+00,0.000000e+00,0.000000e+00,0.000000e+00,0.000000e+00,80,349
0.000000e+00,-1.494169e-07,6.402903e-08,3.844553e-07,0.000000e+00,0.000000e+00,0.000000e+00,0.000000e+00,0.000000e+00,0.000000e+00,0.000000e+00,81,349
0.000000e+00,-1.012873e-07,1.392768e-07,3.478569e-07,0.000000e+00,0.000000e+00,0.000000e+00,0.000000e+00,0.000000e+00,0.000000e+00,0.000000e+00,82,349
0.000000e+00,1.485024e-07,1.652566e-08,3.909243e-07,0.000000e+00,0.000000e+00,0.000000e+00,0.000000e+00,0.000000e+00,0.000000e+00,0.000000e+00,83,349
0.000000e+00,-3.804213e-09,3.308397e-08,6.868382e-07,0.000000e+00,0.000000e+00,0.000000e+00,0.000000e+00,0.000000e+00,0.000000e+00,0.000000e+00,84,349
0.000000e+00,-2.025376e-08,-2.362858e-07,4.521464e-07,0.000000e+00,0.000000e+00,0.000000e+00,0.000000e+00,0.000000e+00,0.000000e+00,0.000000e+00,85,349
0.000000e+00,7.424084e-08,-1.056440e-07,6.541299e-07,0.000000e+00,0.000000e+00,0.000000e+00,0.000000e+00,0.000000e+00,0.000000e+00,0.000000e+00,86,349
0.000000e+00,6.324899e-08,5.038073e-08,6.165402e-07,0.000000e+00,0.000000e+00,0.000000e+00,0.000000e+00,0.000000e+00,0.000000e+00,0.000000e+00,87,349
0.000000e+00,1.429510e-07,8.692679e-08,6.203420e-07,0.000000e+00,0.000000e+00,0.000000e+00,0.000000e+00,0.000000e+00,0.000000e+00,0.000000e+00,88,349
0.000000e+00,-4.724166e-08,-5.887553e-08,5.961264e-07,0.000000e+00,0.000000e+00,0.000000e+00,0.000000e+00,0.000000e+00,0.000000e+00,0.000000e+00,89,349
0.000000e+00,-1.232450e-07,-1.544182e-08,1.557708e-07,0.000000e+00,0.000000e+00,0.000000e+00,0.000000e+00,0.000000e+00,0.000000e+00,0.000000e+00,90,349
0.000000e+00,1.143161e-07,2.694993e-07,4.159403e-07,0.000000e+00,0.000000e+00,0.000000e+00,0.000000e+00,0.000000e+00,0.000000e+00,0.000000e+00,91,349
0.000000e+00,5.394883e-08,2.598990e-07,4.724805e-07,0.000000e+00,0.000000e+00,0.000000e+00,0.000000e+00,0.000000e+00,0.000000e+00,0.000000e+00,92,349
0.000000e+00,-9.343067e-08,-2.308853e-07,5.299474e-07,0.000000e+00,0.000000e+00,0.000000e+00,0.000000e+00,0.000000e+00,0.000000e+00,0.000000e+00,93,349
0.000000e+00,4.656315e-08,-8.077120e-08,1.543085e-07,0.000000e+00,0.000000e+00,0.000000e+00,0.000000e+00,0.000000e+00,0.000000e+00,0.000000e+00,94,349
0.000000e+00,-1.754009e-07,-2.208666e-07,4.595647e-07,0.000000e+00,0.000000e+00,0.000000e+00,0.000000e+00,0.000000e+00,0.000000e+00,0.000000e+00,95,349
0.000000e+00,2.260009e-07,3.471738e-08,4.833281e-07,0.000000e+00,0.000000e+00,0.000000e+00,0.000000e+00,0.000000e+00,0.000000e+00,0.000000e+00,96,349
0.000000e+00,2.496045e-08,-2.616506e-07,5.128952e-07,0.000000e+00,0.000000e+00,0.000000e+00,0.000000e+00,0.000000e+00,0.000000e+00,0.000000e+00,97,349
0.000000e+00,-7.141675e-08,1.670853e-07,5.749594e-07,0.000000e+00,0.000000e+00,0.000000e+00,0.000000e+00,0.000000e+00,0.000000e+00,0.000000e+00,98,349
0.000000e+00,1.662542e-07,3.028874e-08,5.593668e-07,0.000000e+00,0.000000e+00,0.000000e+00,0.000000e+00,0.000000e+00,0.000000e+00,0.000000e+00,99,349
0.000000e+00,1.084290e-08,6.947954e-08,3.663540e-07,0.000000e+00,0.000000e+00,0.000000e+00,0.000000e+00,0.000000e+00,0.000000e+00,0.000000e+00,100,349
0.000000e+00,1.947412e-09,8.056847e-08,1.464007e-07,0.000000e+00,0.000000e+00,0.000000e+00,0.000000e+00,0.000000e+00,0.000000e+00,0.000000e+00,101,349
0.000000e+00,-2.327249e-07,-6.605662e-08,5.340085e-07,0.000000e+00,0.000000e+00,0.000000e+00,0.000000e+00,0.000000e+00,0.000000e+00,0.000000e+00,102,349
0.000000e+00,-1.194914e-07,1.186876e-07,4.527185e-07,0.000000e+00,0.000000e+00,0.000000e+00,0.000000e+00,0.000000e+00,0.000000e+00,0.000000e+00,103,349
0.000000e+00,1.368650e-07,-2.076449e-07,3.060289e-07,0.000000e+00,0.000000e+00,0.000000e+00,0.000000e+00,0.000000e+00,0.000000e+00,0.000000e+00,104,349
0.000000e+00,2.097766e-07,-1.332899e-07,3.791999e-07,0.000000e+00,0.000000e+00,0.000000e+00,0.000000e+00,0.000000e+00,0.000000e+00,0.000000e+00,105,349
0.000000e+00,-6.091493e-08,-2.114201e-07,3.676019e-07,0.000000e+00,0.000000e+00,0.000000e+00,0.000000e+00,0.000000e+00,0.000000e+00,0.000000e+00,106,349
0.000000e+00,8.864234e-08,-2.679122e-07,4.649656e-07,0.000000e+00,0.000000e+00,0.000000e+00,0.000000e+00,0.000000e+00,0.000000e+00,0.000000e+00,107,349
0.000000e+00,-3.097312e-08,-1.508463e-07,1.645949e-07,0.000000e+00,0.000000e+00,0.000000e+00,0.000000e+00,0.000000e+00,0.000000e+00,0.000000e+00,108,349
0.000000e+00,6.710550e-08,-1.752107e-07,2.335449e-07,0.000000e+00,0.000000e+00,0.000000e+00,0.000000e+00,0.000000e+00,0.000000e+00,0.000000e+00,109,349
0.000000e+00,-1.694060e-07,2.569556e-08,4.803387e-07,0.000000e+00,0.000000e+00,0.000000e+00,0.000000e+00,0.000000e+00,0.000000e+00,0.000000e+00,110,349
0.000000e+00,2.196075e-07,-1.337390e-07,5.054068e-07,0.000000e+00,0.000000e+00,0.000000e+00,0.000000e+00,0.000000e+00,0.000000e+00,0.000000e+00,111,349
0.000000e+00,-1.946273e-07,5.912747e-08,6.010771e-07,0.000000e+00,0.000000e+00,0.000000e+00,0.000000e+00,0.000000e+00,0.000000e+00,0.000000e+00,112,349
0.000000e+00,-1.565320e-07,7.680094e-08,3.005216e-07,0.000000e+00,0.000000e+00,0.000000e+00,0.000000e+00,0.000000e+00,0.000000e+00,0.000000e+00,113,349
0.000000e+00,1.876570e-07,1.226893e-07,2.390708e-07,0.000000e+00,0.000000e+00,0.000000e+00,0.000000e+00,0.000000e+00,0.000000e+00,0.000000e+00,114,349
0.000000e+00,3.575674e-08,-1.731842e-07,5.866829e-07,0.000000e+00,0.000000e+00,0.000000e+00,0.000000e+00,0.000000e+00,0.000000e+00,0.000000e+00,115,349
0.000000e+00,2.456321e-07,1.281256e-07,4.201991e-07,0.000000e+00,0.000000e+00,0.000000e+00,0.000000e+00,0.000000e+00,0.000000e+00,0.000000e+00,116,349
0.000000e+00,1.339607e-09,1.760446e-07,5.137524e-07,0.000000e+00,0.000000e+00,0.000000e+00,0.000000e+00,0.000000e+00,0.000000e+00,0.000000e+00,117,349
0.000000e+00,-1.977013e-07,-1.775266e-07,3.314496e-07,0.000000e+00,0.000000e+00,0.000000e+00,0.000000e+00,0.000000e+00,0.000000e+00,0.000000e+00,118,349
0.000000e+00,2.351063e-07,-8.455287e-09,5.537889e-07,0.000000e+00,0.000000e+00,0.000000e+00,0.000000e+00,0.000000e+00,0.000000e+00,0.000000e+00,119,349
0.000000e+00,6.111488e-08,1.318213e-07,1.931035e-07,0.000000e+00,0.000000e+00,0.000000e+00,0.000000e+00,0.000000e+00,0.000000e+00,0.000000e+00,120,349
0.000000e+00,-4.544228e-08,6.609872e-09,4.342791e-07,0.000000e+00,0.000000e+00,0.000000e+00,0.000000e+00,0.000000e+00,0.000000e+00,0.000000e+00,121,349
0.000000e+00,-8.955199e-08,2.763582e-08,6.443219e-07,0.000000e+00,0.000000e+00,0.000000e+00,0.000000e+00,0.000000e+00,0.000000e+00,0.000000e+00,122,349
0.000000e+00,-2.679757e-07,-7.505283e-08,3.822990e-07,0.000000e+00,0.000000e+00,0.000000e+00,0.000000e+00,0.000000e+00,0.000000e+00,0.000000e+00,123,349
0.000000e+00,1.934653e-08,-2.411422e-07,3.395637e-07,0.000000e+00,0.000000e+00,0.000000e+00,0.000000e+00,0.000000e+00,0.000000e+00,0.000000e+00,124,349
0.000000e+00,1.533939e-07,-1.318643e-07,2.788140e-07,0.000000e+00,0.000000e+00,0.000000e+00,0.000000e+00,0.000000e+00,0.000000e+00,0.000000e+00,125,349
0.000000e+00,-1.150806e-07,2.506717e-07,4.960541e-07,0.000000e+00,0.000000e+00,0.000000e+00,0.000000e+00,0.000000e+00,0.000000e+00,0.000000e+00,126,349
0.000000e+00,2.004084e-08,-1.186170e-07,5.284718e-07,0.000000e+00,0.000000e+00,0.000000e+00,0.000000e+00,0.000000e+00,0.000000e+00,0.000000e+00,127,349
0.000000e+00,-1.368548e-07,2.590422e-07,3.612979e-07,0.000000e+00,0.000000e+00,0.000000e+00,0.000000e+00,0.000000e+00,0.000000e+00,0.000000e+00,128,349
0.000000e+00,5.707326e-08,2.539444e-07,2.931957e-07,0.000000e+00,0.000000e+00,0.000000e+00,0.000000e+00,0.000000e+00,0.000000e+00,0.000000e+00,129,349
0.000000e+00,-9.611529e-08,-7.562012e-08,3.598815e-07,0.000000e+00,0.000000e+00,0.000000e+00,0.000000e+00,0.000000e+00,0.000000e+00,0.000000e+00,130,349
0.000000e+00,-1.195552e-07,-2.032236e-07,2.836203e-07,0.000000e+00,0.000000e+00,0.000000e+00,0.000000e+00,0.000000e+00,0.000000e+00,0.000000e+00,131,349
0.000000e+00,7.426185e-09,1.958505e-08,1.898352e-07,0.000000e+00,0.000000e+00,0.000000e+00,0.000000e+00,0.000000e+00,0.000000e+00,0.000000e+00,132,349
0.000000e+00,1.662517e-07,-5.452224e-08,2.811580e-07,0.000000e+00,0.000000e+00,0.000000e+00,0.000000e+00,0.000000e+00,0.000000e+00,0.000000e+00,133,349
0.000000e+00,1.716110e-07,2.266977e-07,3.753257e-07,0.000000e+00,0.000000e+00,0.000000e+00,0.000000e+00,0.000000e+00,0.000000e+00,0.000000e+00,134,349
0.000000e+00,-2.972341e-09,1.970203e-07,2.669865e-07,0.000000e+00,0.000000e+00,0.000000e+00,0.000000e+00,0.000000e+00,0.000000e+00,0.000000e+00,135,349
0.000000e+00,1.160023e-07,1.415551e-08,4.612208e-07,0.000000e+00,0.000000e+00,0.000000e+00,0.000000e+00,0.000000e+00,0.000000e+00,0.000000e+00,136,349
0.000000e+00,-3.985469e-08,7.383053e-08,6.096756e-07,0.000000e+00,0.000000e+00,0.000000e+00,0.000000e+00,0.000000e+00,0.000000e+00,0.000000e+00,137,349
0.000000e+00,-2.986305e-08,-1.218499e-07,3.243158e-07,0.000000e+00,0.000000e+00,0.000000e+00,0.000000e+00,0.000000e+00,0.000000e+00,0.000000e+00,138,349
0.000000e+00,2.141632e-07,3.588438e-08,4.977200e-07,0.000000e+00,0.000000e+00,0.000000e+00,0.000000e+00,0.000000e+00,0.000000e+00,0.000000e+00,139,349
0.000000e+00,-1.492250e-07,-9.272788e-08,1.870936e-07,0.000000e+00,0.000000e+00,0.000000e+00,0.000000e+00,0.000000e+00,0.000000e+00,0.000000e+00,140,349
0.000000e+00,1.244159e-07,-1.072423e-07,5.762743e-07,0.000000e+00,0.000000e+00,0.000000e+00,0.000000e+00,0.000000e+00,0.000000e+00,0.000000e+00,141,349
0.000000e+00,-2.339145e-07,-9.359472e-08,2.769611e-07,0.000000e+00,0.000000e+00,0.000000e+00,0.000000e+00,0.000000e+00,0.000000e+00,0.000000e+00,142,349
0.000000e+00,-2.855504e-07,5.552716e-08,3.759962e-07,0.000000e+00,0.000000e+00,0.000000e+00,0.000000e+00,0.000000e+00,0.000000e+00,0.000000e+00,143,349
0.000000e+00,-3.189148e-08,-3.401891e-08,6.719832e-07,0.000000e+00,0.000000e+00,0.000000e+00,0.000000e+00,0.000000e+00,0.000000e+00,0.000000e+00,144,349
0.000000e+00,2.705036e-07,-2.719464e-08,3.317014e-07,0.000000e+00,0.000000e+00,0.000000e+00,0.000000e+00,0.000000e+00,0.000000e+00,0.000000e+00,145,349
0.000000e+00,2.592025e-08,2.047490e-07,2.595386e-07,0.000000e+00,0.000000e+00,0.000000e+00,0.000000e+00,0.000000e+00,0.000000e+00,0.000000e+00,146,349
0.000000e+00,-8.078518e-08,3.690555e-08,3.379698e-07,0.000000e+00,0.000000e+00,0.000000e+00,0.000000e+00,0.000000e+00,0.000000e+00,0.000000e+00,147,349
0.000000e+00,3.904153e-08,1.366631e-07,3.124554e-07,0.000000e+00,0.000000e+00,0.000000e+00,0.000000e+00,0.000000e+00,0.000000e+00,0.000000e+00,148,349
0.000000e+00,3.957594e-08,2.254868e-07,3.190536e-07,0.000000e+00,0.000000e+00,0.000000e+00,0.000000e+00,0.000000e+00,0.000000e+00,0.000000e+00,149,349
0.000000e+00,-1.306643e-07,-4.153333e-08,6.203364e-07,0.000000e+00,0.000000e+00,0.000000e+00,0.000000e+00,0.000000e+00,0.000000e+00,0.000000e+00,150,349
0.000000e+00,8.711192e-08,2.173998e-08,6.354573e-07,0.000000e+00,0.000000e+00,0.000000e+00,0.000000e+00,0.000000e+00,0.000000e+00,0.000000e+00,151,349
0.000000e+00,-2.803572e-07,2.858950e-08,3.416852e-07,0.000000e+00,0.000000e+00,0.000000e+00,0.000000e+00,0.000000e+00,0.000000e+00,0.000000e+00,152,349
0.000000e+00,1.622401e-07,1.046549e-07,2.712973e-07,0.000000e+00,0.000000e+00,0.000000e+00,0.000000e+00,0.000000e+00,0.000000e+00,0.000000e+00,153,349
0.000000e+00,9.586913e-08,1.676068e-07,2.044741e-07,0.000000e+00,0.000000e+00,0.000000e+00,0.000000e+00,0.000000e+00,0.000000e+00,0.000000e+00,154,349
0.000000e+00,1.078434e-07,2.480724e-08,3.299282e-07,0.000000e+00,0.000000e+00,0.000000e+00,0.000000e+00,0.000000e+00,0.000000e+00,0.000000e+00,155,349
0.000000e+00,-3.045446e-08,8.277659e-08,2.617664e-07,0.000000e+00,0.000000e+00,0.000000e+00,0.000000e+00,0.000000e+00,0.000000e+00,0.000000e+00,156,349
0.000000e+00,-1.108173e-07,6.855210e-08,1.466792e-07,0.000000e+00,0.000000e+00,0.000000e+00,0.000000e+00,0.000000e+00,0.000000e+00,0.000000e+00,157,349
0.000000e+00,5.734686e-09,-4.513042e-09,6.143713e-07,0.000000e+00,0.000000e+00,0.000000e+00,0.000000e+00,0.000000e+00,0.000000e+00,0.000000e+00,158,349
0.000000e+00,-1.633069e-07,1.179673e-07,1.839081e-07,0.000000e+00,0.000000e+00,0.000000e+00,0.000000e+00,0.000000e+00,0.000000e+00,0.000000e+00,159,349
0.000000e+00,-2.285747e-07,1.033024e-07,5.101191e-07,0.000000e+00,0.000000e+00,0.000000e+00,0.000000e+00,0.000000e+00,0.000000e+00,0.000000e+00,160,349
0.000000e+00,1.300012e-07,9.375162e-09,6.600858e-07,0.000000e+00,0.000000e+00,0.000000e+00,0.000000e+00,0.000000e+00,0.000000e+00,0.000000e+00,161,349
0.000000e+00,-1.715202e-07,-1.231808e-07,3.515256e-07,0.000000e+00,0.000000e+00,0.000000e+00,0.000000e+00,0.000000e+00,0.000000e+00,0.000000e+00,162,349
0.000000e+00,2.049747e-07,-2.016631e-08,6.084258e-07,0.000000e+00,0.000000e+00,0.000000e+00,0.000000e+00,0.000000e+00,0.000000e+00,0.000000e+00,163,349
0.000000e+00,1.532119e-07,-1.615333e-08,6.349275e-07,0.000000e+00,0.000000e+00,0.000000e+00,0.000000e+00,0.000000e+00,0.000000e+00,0.000000e+00,164,349
0.000000e+00,-1.104534e-07,1.423325e-07,3.551153e-07,0.000000e+00,0.000000e+00,0.000000e+00,0.000000e+00,0.000000e+00,0.000000e+00,0.000000e+00,165,349
0.000000e+00,1.018521e-07,-2.516791e-07,3.786684e-07,0.000000e+00,0.000000e+00,0.000000e+00,0.000000e+00,0.000000e+00,0.000000e+00,0.000000e+00,166,349
0.000000e+00,1.045046e-07,5.559226e-08,4.149117e-07,0.000000e+00,0.000000e+00,0.000000e+00,0.000000e+00,0.000000e+00,0.000000e+00,0.000000e+00,167,349
0.000000e+00,2.578770e-08,-2.856662e-07,4.074916e-07,0.000000e+00,0.000000e+00,0.000000e+00,0.000000e+00,0.000000e+00,0.000000e+00,0.000000e+00,168,349
0.000000e+00,1.941021e-07,1.988347e-07,3.451152e-07,0.000000e+00,0.000000e+00,0.000000e+00,0.000000e+00,0.000000e+00,0.000000e+00,0.000000e+00,169,349
0.000000e+00,1.154928e-07,9.882525e-09,1.292188e-07,0.000000e+00,0.000000e+00,0.000000e+00,0.000000e+00,0.000000e+00,0.000000e+00,0.000000e+00,170,349
0.000000e+00,-7.227647e-08,1.667525e-07,2.819252e-07,0.000000e+00,0.000000e+00,0.000000e+00,0.000000e+00,0.000000e+00,0.000000e+00,0.000000e+00,171,349
0.000000e+00,3.717452e-08,2.415038e-08,5.392102e-07,0.000000e+00,0.000000e+00,0.000000e+00,0.000000e+00,0.000000e+00,0.000000e+00,0.000000e+00,172,349
0.000000e+00,1.103012e-07,2.913981e-08,3.060681e-07,0.000000e+00,0.000000e+00,0.000000e+00,0.000000e+00,0.000000e+00,0.000000e+00,0.000000e+00,173,349
0.000000e+00,9.200830e-08,2.254428e-07,4.983167e-07,0.000000e+00,0.000000e+00,0.000000e+00,0.000000e+00,0.000000e+00,0.000000e+00,0.000000e+00,174,349
0.000000e+00,-3.302050e-08,1.012782e-07,6.640951e-07,0.000000e+00,0.000000e+00,0.000000e+00,0.000000e+00,0.000000e+00,0.000000e+00,0.000000e+00,175,349
0.000000e+00,-8.729783e-08,-1.026235e-07,2.539331e-07,0.000000e+00,0.000000e+00,0.000000e+00,0.000000e+00,0.000000e+00,0.000000e+00,0.000000e+00,176,349
0.000000e+00,-7.991845e-08,2.605537e-07,3.999551e-07,0.000000e+00,0.000000e+00,0.000000e+00,0.000000e+00,0.000000e+00,0.000000e+00,0.000000e+00,177,349
0.000000e+00,1.313990e-07,-1.568429e-07,5.963085e-07,0.000000e+00,0.000000e+00,0.000000e+00,0.000000e+00,0.000000e+00,0.000000e+00,0.000000e+00,178,349
0.000000e+00,2.633900e-08,7.018351e-08,2.006270e-07,0.000000e+00,0.000000e+00,0.000000e+00,0.000000e+00,0.000000e+00,0.000000e+00,0.000000e+00,179,349
0.000000e+00,3.977481e-08,-1.435403e-07,5.152140e-07,0.000000e+00,0.000000e+00,0.000000e+00,0.000000e+00,0.000000e+00,0.000000e+00,0.000000e+00,180,349
0.000000e+00,-1.867341e-07,7.723223e-08,4.901811e-07,0.000000e+00,0.000000e+00,0.000000e+00,0.000000e+00,0.000000e+00,0.000000e+00,0.000000e+00,181,349
0.000000e+00,-2.617195e-08,2.430257e-07,4.984212e-07,0.000000e+00,0.000000e+00,0.000000e+00,0.000000e+00,0.000000e+00,0.000000e+00,0.000000e+00,182,349
0.000000e+00,-9.796835e-08,8.626571e-08,2.279896e-07,0.000000e+00,0.000000e+00,0.000000e+00,0.000000e+00,0.000000e+00,0.000000e+00,0.000000e+00,183,349
0.000000e+00,5.227872e-08,3.051335e-08,1.474252e-07,0.000000e+00,0.000000e+00,0.000000e+00,0.000000e+00,0.000000e+00,0.000000e+00,0.000000e+00,184,349
0.000000e+00,-2.125863e-07,-6.501964e-08,2.993456e-07,0.000000e+00,0.000000e+00,0.000000e+00,0.000000e+00,0.000000e+00,0.000000e+00,0.000000e+00,185,349
0.000000e+00,-2.405541e-07,1.552230e-07,3.590152e-07,0.000000e+00,0.000000e+00,0.000000e+00,0.000000e+00,0.000000e+00,0.000000e+00,0.000000e+00,186,349
0.000000e+00,9.493466e-08,3.132886e-08,2.973640e-07,0.000000e+00,0.000000e+00,0.000000e+00,0.000000e+00,0.000000e+00,0.000000e+00,0.000000e+00,187,349
0.000000e+00,4.947441e-08,8.458377e-08,6.141773e-07,0.000000e+00,0.000000e+00,0.000000e+00,0.000000e+00,0.000000e+00,0.000000e+00,0.000000e+00,188,349
0.000000e+00,-1.873470e-07,-1.370901e-07,3.279332e-07,0.000000e+00,0.000000e+00,0.000000e+00,0.000000e+00,0.000000e+00,0.000000e+00,0.000000e+00,189,349
0.000000e+00,2.178435e-07,9.560965e-09,3.956334e-07,0.000000e+00,0.000000e+00,0.000000e+00,0.000000e+00,0.000000e+00,0.000000e+00,0.000000e+00,190,349
0.000000e+00,3.175528e-08,2.356183e-08,1.604277e-07,0.000000e+00,0.000000e+00,0.000000e+00,0.000000e+00,0.000000e+00,0.000000e+00,0.000000e+00,191,349
0.000000e+00,-2.728047e-07,-7.324502e-08,3.593890e-07,0.000000e+00,0.000000e+00,0.000000e+00,0.000000e+00,0.000000e+00,0.000000e+00,0.000000e+00,192,349
0.000000e+00,-6.016021e-08,-1.953694e-07,4.500899e-07,0.000000e+00,0.000000e+00,0.000000e+00,0.000000e+00,0.000000e+00,0.000000e+00,0.000000e+00,193,349
0.000000e+00,-5.245675e-08,-1.571185e-07,4.428551e-07,0.000000e+00,0.000000e+00,0.000000e+00,0.000000e+00,0.000000e+00,0.000000e+00,0.000000e+00,194,349
0.000000e+00,-9.586807e-08,-1.407137e-07,4.627102e-07,0.000000e+00,0.000000e+00,0.000000e+00,0.000000e+00,0.000000e+00,0.000000e+00,0.000000e+00,195,349
0.000000e+00,2.724826e-07,4.987363e-08,4.095588e-07,0.000000e+00,0.000000e+00,0.000000e+00,0.000000e+00,0.000000e+00,0.000000e+00,0.000000e+00,196,349
0.000000e+00,-1.928033e-07,1.161741e-07,3.010094e-07,0.000000e+00,0.000000e+00,0.000000e+00,0.000000e+00,0.000000e+00,0.000000e+00,0.000000e+00,197,349
0.000000e+00,-1.478718e-08,-1.644498e-07,1.884915e-07,0.000000e+00,0.000000e+00,0.000000e+00,0.000000e+00,0.000000e+00,0.000000e+00,0.000000e+00,198,349
0.000000e+00,-8.933344e-08,2.432937e-07,3.260407e-07,0.000000e+00,0.000000e+00,0.000000e+00,0.000000e+00,0.000000e+00,0.000000e+00,0.000000e+00,199,349
0.000000e+00,1.816426e-07,1.428301e-07,3.435797e-07,0.000000e+00,0.000000e+00,0.000000e+00,0.000000e+00,0.000000e+00,0.000000e+00,0.000000e+00,200,349
0.000000e+00,-2.374526e-07,-1.402698e-07,3.477308e-07,0.000000e+00,0.000000e+00,0.000000e+00,0.000000e+00,0.000000e+00,0.000000e+00,0.000000e+00,201,349
0.000000e+00,1.390577e-07,8.579779e-08,4.277410e-07,0.000000e+00,0.000000e+00,0.000000e+00,0.000000e+00,0.000000e+00,0.000000e+00,0.000000e+00,202,349
0.000000e+00,-1.173117e-07,5.336554e-08,3.377876e-07,0.000000e+00,0.000000e+00,0.000000e+00,0.000000e+00,0.000000e+00,0.000000e+00,0.000000e+00,203,349
0.000000e+00,1.865521e-07,1.842508e-07,4.586492e-07,0.000000e+00,0.000000e+00,0.000000e+00,0.000000e+00,0.000000e+00,0.000000e+00,0.000000e+00,204,349
0.000000e+00,1.675525e-07,-1.131751e-07,4.151250e-07,0.000000e+00,0.000000e+00,0.000000e+00,0.000000e+00,0.000000e+00,0.000000e+00,0.000000e+00,205,349
0.000000e+00,1.275672e-07,-1.919881e-09,6.052022e-07,0.000000e+00,0.000000e+00,0.000000e+00,0.000000e+00,0.000000e+00,0.000000e+00,0.000000e+00,206,349
0.000000e+00,3.256721e-08,1.480535e-07,1.459883e-07,0.000000e+00,0.000000e+00,0.000000e+00,0.000000e+00,0.000000e+00,0.000000e+00,0.000000e+00,207,349
0.000000e+00,5.991011e-08,2.678454e-07,4.845797e-07,0.000000e+00,0.000000e+00,0.000000e+00,0.000000e+00,0.000000e+00,0.000000e+00,0.000000e+00,208,349
0.000000e+00,-1.098040e-07,-2.578725e-07,4.105135e-07,0.000000e+00,0.000000e+00,0.000000e+00,0.000000e+00,0.000000e+00,0.000000e+00,0.000000e+00,209,349
0.000000e+00,-2.135648e-08,1.507303e-07,2.932992e-07,0.000000e+00,0.000000e+00,0.000000e+00,0.000000e+00,0.000000e+00,0.000000e+00,0.000000e+00,210,349
0.000000e+00,-1.048255e-07,-9.153365e-09,4.865863e-07,0.000000e+00,0.000000e+00,0.000000e+00,0.000000e+00,0.000000e+00,0.000000e+00,0.000000e+00,211,349
0.000000e+00,6.285112e-10,1.908544e-07,3.048941e-07,0.000000e+00,0.000000e+00,0.000000e+00,0.000000e+00,0.000000e+00,0.000000e+00,0.000000e+00,212,349
0.000000e+00,-8.855632e-08,-3.260361e-09,5.742968e-07,0.000000e+00,0.000000e+00,0.000000e+00,0.000000e+00,0.000000e+00,0.000000e+00,0.000000e+00,213,349
0.000000e+00,2.247945e-08,1.382336e-08,5.625481e-07,0.000000e+00,0.000000e+00,0.000000e+00,0.000000e+00,0.000000e+00,0.000000e+00,0.000000e+00,214,349
0.000000e+00,-2.360995e-07,4.409026e-08,3.606503e-07,0.000000e+00,0.000000e+00,0.000000e+00,0.000000e+00,0.000000e+00,0.000000e+00,0.000000e+00,215,349
0.000000e+00,-6.686804e-08,3.040377e-08,6.049795e-07,0.000000e+00,0.000000e+00,0.000000e+00,0.000000e+00,0.000000e+00,0.000000e+00,0.000000e+00,216,349
0.000000e+00,-2.135495e-07,3.818890e-08,4.163489e-07,0.000000e+00,0.000000e+00,0.000000e+00,0.000000e+00,0.000000e+00,0.000000e+00,0.000000e+00,217,349
0.000000e+00,-2.721636e-07,-5.683859e-08,4.277864e-07,0.000000e+00,0.000000e+00,0.000000e+00,0.000000e+00,0.000000e+00,0.000000e+00,0.000000e+00,218,349
0.000000e+00,2.679752e-07,-1.123007e-07,3.693490e-07,0.000000e+00,0.000000e+00,0.000000e+00,0.000000e+00,0.000000e+00,0.000000e+00,0.000000e+00,219,349
0.000000e+00,-5.553911e-08,6.167841e-08,3.536587e-07,0.000000e+00,0.000000e+00,0.000000e+00,0.000000e+00,0.000000e+00,0.000000e+00,0.000000e+00,220,349
0.000000e+00,-1.340835e-07,-9.296687e-08,2.472960e-07,0.000000e+00,0.000000e+00,0.000000e+00,0.000000e+00,0.000000e+00,0.000000e+00,0.000000e+00,221,349
0.000000e+00,-1.635322e-07,-1.125498e-09,6.292634e-07,0.000000e+00,0.000000e+00,0.000000e+00,0.000000e+00,0.000000e+00,0.000000e+00,0.000000e+00,222,349
0.000000e+00,-9.944040e-08,-1.623973e-07,4.380875e-07,0.000000e+00,0.000000e+00,0.000000e+00,0.000000e+00,0.000000e+00,0.000000e+00,0.000000e+00,223,349
0.000000e+00,-1.860907e-08,1.806489e-07,4.420703e-07,0.000000e+00,0.000000e+00,0.000000e+00,0.000000e+00,0.000000e+00,0.000000e+00,0.000000e+00,224,349
0.000000e+00,2.342740e-07,5.493262e-09,3.956898e-07,0.000000e+00,0.000000e+00,0.000000e+00,0.000000e+00,0.000000e+00,0.000000e+00,0.000000e+00,225,349
0.000000e+00,2.766119e-08,-9.542620e-08,3.274270e-07,0.000000e+00,0.000000e+00,0.000000e+00,0.000000e+00,0.000000e+00,0.000000e+00,0.000000e+00,226,349
0.000000e+00,-2.187706e-07,9.045884e-08,2.396225e-07,0.000000e+00,0.000000e+00,0.000000e+00,0.000000e+00,0.000000e+00,0.000000e+00,0.000000e+00,227,349
0.000000e+00,-5.828289e-08,-1.863151e-07,2.393076e-07,0.000000e+00,0.000000e+00,0.000000e+00,0.000000e+00,0.000000e+00,0.000000e+00,0.000000e+00,228,349
0.000000e+00,9.606128e-08,1.036255e-07,3.115964e-07,0.000000e+00,0.000000e+00,0.000000e+00,0.000000e+00,0.000000e+00,0.000000e+00,0.000000e+00,229,349
0.000000e+00,-2.702054e-08,8.692319e-08,5.299420e-07,0.000000e+00,0.000000e+00,0.000000e+00,0.000000e+00,0.000000e+00,0.000000e+00,0.000000e+00,230,349
0.000000e+00,2.484727e-07,-2.886109e-08,3.606773e-07,0.000000e+00,0.000000e+00,0.000000e+00,0.000000e+00,0.000000e+00,0.000000e+00,0.000000e+00,231,349
0.000000e+00,2.614148e-07,7.499175e-08,3.490513e-07,0.000000e+00,0.000000e+00,0.000000e+00,0.000000e+00,0.000000e+00,0.000000e+00,0.000000e+00,232,349
0.000000e+00,4.359913e-08,-7.107986e-08,3.099402e-07,0.000000e+00,0.000000e+00,0.000000e+00,0.000000e+00,0.000000e+00,0.000000e+00,0.000000e+00,233,349
0.000000e+00,2.264820e-07,-9.231024e-08,4.985716e-07,0.000000e+00,0.000000e+00,0.000000e+00,0.000000e+00,0.000000e+00,0.000000e+00,0.000000e+00,234,349
0.000000e+00,9.249786e-08,-1.684819e-07,3.642428e-07,0.000000e+00,0.000000e+00,0.000000e+00,0.000000e+00,0.000000e+00,0.000000e+00,0.000000e+00,235,349
0.000000e+00,1.384552e-07,1.513199e-07,4.011087e-07,0.000000e+00,0.000000e+00,0.000000e+00,0.000000e+00,0.000000e+00,0.000000e+00,0.000000e+00,236,349
0.000000e+00,2.919853e-08,1.620244e-08,4.054708e-07,0.000000e+00,0.000000e+00,0.000000e+00,0.000000e+00,0.000000e+00,0.000000e+00,0.000000e+00,237,349
0.000000e+00,2.111597e-08,9.360813e-08,3.697554e-07,0.000000e+00,0.000000e+00,0.000000e+00,0.000000e+00,0.000000e+00,0.000000e+00,0.000000e+00,238,349
0.000000e+00,2.227170e-07,-9.578692e-08,5.273752e-07,0.000000e+00,0.000000e+00,0.000000e+00,0.000000e+00,0.000000e+00,0.000000e+00,0.000000e+00,239,349
0.000000e+00,2.856471e-07,3.173717e-08,3.677905e-07,0.000000e+00,0.000000e+00,0.000000e+00,0.000000e+00,0.000000e+00,0.000000e+00,0.000000e+00,240,349
0.000000e+00,-1.720439e-07,8.223738e-09,5.694424e-07,0.000000e+00,0.000000e+00,0.000000e+00,0.000000e+00,0.000000e+00,0.000000e+00,0.000000e+00,241,349
0.000000e+00,-1.364783e-07,6.744646e-08,5.003447e-07,0.000000e+00,0.000000e+00,0.000000e+00,0.000000e+00,0.000000e+00,0.000000e+00,0.000000e+00,242,349
0.000000e+00,-1.501712e-07,-4.338268e-08,3.735627e-07,0.000000e+00,0.000000e+00,0.000000e+00,0.000000e+00,0.000000e+00,0.000000e+00,0.000000e+00,243,349
0.000000e+00,6.916865e-09,-5.717528e-09,2.906731e-07,0.000000e+00,0.000000e+00,0.000000e+00,0.000000e+00,0.000000e+00,0.000000e+00,0.000000e+00,244,349
0.000000e+00,2.584070e-08,-1.729244e-07,2.146227e-07,0.000000e+00,0.000000e+00,0.000000e+00,0.000000e+00,0.000000e+00,0.000000e+00,0.000000e+00,245,349
0.000000e+00,-5.854465e-08,-4.980807e-08,5.214555e-07,0.000000e+00,0.000000e+00,0.000000e+00,0.000000e+00,0.000000e+00,0.000000e+00,0.000000e+00,246,349
0.000000e+00,1.744795e-07,9.158510e-08,2.366685e-07,0.000000e+00,0.000000e+00,0.000000e+00,0.000000e+00,0.000000e+00,0.000000e+00,0.000000e+00,247,349
0.000000e+00,-2.985216e-08,-2.164628e-07,2.606468e-07,0.000000e+00,0.000000e+00,0.000000e+00,0.000000e+00,0.000000e+00,0.000000e+00,0.000000e+00,248,349
0.000000e+00,-2.187449e-07,-6.597499e-08,4.992383e-07,0.000000e+00,0.000000e+00,0.000000e+00,0.000000e+00,0.000000e+00,0.000000e+00,0.000000e+00,249,349
0.000000e+00,-2.029410e-07,1.350406e-07,2.888006e-07,0.000000e+00,0.000000e+00,0.000000e+00,0.000000e+00,0.000000e+00,0.000000e+00,0.000000e+00,250,349
0.000000e+00,-8.912797e-08,2.285475e-07,3.633695e-07,0.000000e+00,0.000000e+00,0.000000e+00,0.000000e+00,0.000000e+00,0.000000e+00,0.000000e+00,251,349
0.000000e+00,7.357941e-08,5.386193e-08,5.284381e-07,0.000000e+00,0.000000e+00,0.000000e+00,0.000000e+00,0.000000e+00,0.000000e+00,0.000000e+00,252,349
0.000000e+00,-5.291600e-08,1.119146e-07,2.643199e-07,0.000000e+00,0.000000e+00,0.000000e+00,0.000000e+00,0.000000e+00,0.000000e+00,0.000000e+00,253,349
0.000000e+00,-5.242080e-08,-2.433723e-07,3.110477e-07,0.000000e+00,0.000000e+00,0.000000e+00,0.000000e+00,0.000000e+00,0.000000e+00,0.000000e+00,254,349
0.000000e+00,-6.765456e-09,1.849449e-07,4.384622e-07,0.000000e+00,0.000000e+00,0.000000e+00,0.000000e+00,0.000000e+00,0.000000e+00,0.000000e+00,255,349
0.000000e+00,-1.303518e-07,2.469841e-08,2.483547e-07,0.000000e+00,0.000000e+00,0.000000e+00,0.000000e+00,0.000000e+00,0.000000e+00,0.000000e+00,256,349
0.000000e+00,-1.753376e-07,1.665483e-07,2.689668e-07,0.000000e+00,0.000000e+00,0.000000e+00,0.000000e+00,0.000000e+00,0.000000e+00,0.000000e+00,257,349
0.000000e+00,4.325466e-08,-6.376381e-08,5.911887e-07,0.000000e+00,0.000000e+00,0.000000e+00,0.000000e+00,0.000000e+00,0.000000e+00,0.000000e+00,258,349
0.000000e+00,-1.096729e-07,-1.670301e-07,4.532246e-07,0.000000e+00,0.000000e+00,0.000000e+00,0.000000e+00,0.000000e+00,0.000000e+00,0.000000e+00,259,349
0.000000e+00,-1.747139e-07,-3.697914e-08,3.110647e-07,0.000000e+00,0.000000e+00,0.000000e+00,0.000000e+00,0.000000e+00,0.000000e+00,0.000000e+00,260,349
0.000000e+00,-4.739767e-08,1.483330e-07,4.123456e-07,0.000000e+00,0.000000e+00,0.000000e+00,0.000000e+00,0.000000e+00,0.000000e+00,0.000000e+00,261,349
0.000000e+00,-2.619817e-07,-7.754097e-08,3.629345e-07,0.000000e+00,0.000000e+00,0.000000e+00,0.000000e+00,0.000000e+00,0.000000e+00,0.000000e+00,262,349
0.000000e+00,-1.079962e-07,1.243704e-07,4.600162e-07,0.000000e+00,0.000000e+00,0.000000e+00,0.000000e+00,0.000000e+00,0.000000e+00,0.000000e+00,263,349
0.000000e+00,-9.879709e-08,1.319194e-07,4.475606e-07,0.000000e+00,0.000000e+00,0.000000e+00,0.000000e+00,0.000000e+00,0.000000e+00,0.000000e+00,264,349
0.000000e+00,-2.337606e-07,1.279639e-07,2.974525e-07,0.000000e+00,0.000000e+00,0.000000e+00,0.000000e+00,0.000000e+00,0.000000e+00,0.000000e+00,265,349
0.000000e+00,1.290926e-07,-7.145217e-08,4.090641e-07,0.000000e+00,0.000000e+00,0.000000e+00,0.000000e+00,0.000000e+00,0.000000e+00,0.000000e+00,266,349
0.000000e+00,1.674447e-07,8.827315e-08,3.647045e-07,0.000000e+00,0.000000e+00,0.000000e+00,0.000000e+00,0.000000e+00,0.000000e+00,0.000000e+00,267,349
0.000000e+00,6.943327e-08,1.569455e-07,2.379887e-07,0.000000e+00,0.000000e+00,0.000000e+00,0.000000e+00,0.000000e+00,0.000000e+00,0.000000e+00,268,349
0.000000e+00,1.675807e-07,-4.690721e-08,6.117038e-07,0.000000e+00,0.000000e+00,0.000000e+00,0.000000e+00,0.000000e+00,0.000000e+00,0.000000e+00,269,349
0.000000e+00,-1.142983e-08,-3.023518e-08,1.117539e-07,0.000000e+00,0.000000e+00,0.000000e+00,0.000000e+00,0.000000e+00,0.000000e+00,0.000000e+00,270,349
0.000000e+00,9.235336e-09,-5.500949e-08,3.297906e-07,0.000000e+00,0.000000e+00,0.000000e+00,0.000000e+00,0.000000e+00,0.000000e+00,0.000000e+00,271,349
0.000000e+00,-7.154041e-08,-5.748782e-08,5.434758e-07,0.000000e+00,0.000000e+00,0.000000e+00,0.000000e+00,0.000000e+00,0.000000e+00,0.000000e+00,272,349
0.000000e+00,9.738549e-08,-2.466037e-08,4.419024e-07,0.000000e+00,0.000000e+00,0.000000e+00,0.000000e+00,0.000000e+00,0.000000e+00,0.000000e+00,273,349
0.000000e+00,1.951219e-07,-1.849550e-07,4.315292e-07,0.000000e+00,0.000000e+00,0.000000e+00,0.000000e+00,0.000000e+00,0.000000e+00,0.000000e+00,274,349
0.000000e+00,6.231458e-08,7.141152e-08,3.177705e-07,0.000000e+00,0.000000e+00,0.000000e+00,0.000000e+00,0.000000e+00,0.000000e+00,0.000000e+00,275,349
0.000000e+00,1.925187e-07,-1.146527e-07,4.608750e-07,0.000000e+00,0.000000e+00,0.000000e+00,0.000000e+00,0.000000e+00,0.000000e+00,0.000000e+00,276,349
0.000000e+00,-2.306696e-08,5.564270e-08,1.356351e-07,0.000000e+00,0.000000e+00,0.000000e+00,0.000000e+00,0.000000e+00,0.000000e+00,0.000000e+00,277,349
0.000000e+00,5.783721e-08,-1.661686e-07,1.853889e-07,0.000000e+00,0.000000e+00,0.000000e+00,0.000000e+00,0.000000e+00,0.000000e+00,0.000000e+00,278,349
0.000000e+00,1.556775e-07,-2.817121e-08,3.635438e-07,0.000000e+00,0.000000e+00,0.000000e+00,0.000000e+00,0.000000e+00,0.000000e+00,0.000000e+00,279,349
0.000000e+00,1.659135e-07,-9.188939e-08,5.714543e-07,0.000000e+00,0.000000e+00,0.000000e+00,0.000000e+00,0.000000e+00,0.000000e+00,0.000000e+00,280,349
0.000000e+00,1.256897e-09,1.088344e-07,2.939561e-07,0.000000e+00,0.000000e+00,0.000000e+00,0.000000e+00,0.000000e+00,0.000000e+00,0.000000e+00,281,349
0.000000e+00,-1.565470e-07,-7.778275e-08,5.648847e-07,0.000000e+00,0.000000e+00,0.000000e+00,0.000000e+00,0.000000e+00,0.000000e+00,0.000000e+00,282,349
0.000000e+00,1.040893e-08,-1.097068e-07,3.969660e-07,0.000000e+00,0.000000e+00,0.000000e+00,0.000000e+00,0.000000e+00,0.000000e+00,0.000000e+00,283,349
0.000000e+00,2.375929e-07,6.308838e-08,4.411299e-07,0.000000e+00,0.000000e+00,0.000000e+00,0.000000e+00,0.000000e+00,0.000000e+00,0.000000e+00,284,349
0.000000e+00,7.259151e-08,1.421768e-08,4.640631e-07,0.000000e+00,0.000000e+00,0.000000e+00,0.000000e+00,0.000000e+00,0.000000e+00,0.000000e+00,285,349
0.000000e+00,-5.216900e-08,-8.255954e-08,4.141513e-07,0.000000e+00,0.000000e+00,0.000000e+00,0.000000e+00,0.000000e+00,0.000000e+00,0.000000e+00,286,349
0.000000e+00,2.016597e-08,6.240292e-08,4.089566e-07,0.000000e+00,0.000000e+00,0.000000e+00,0.000000e+00,0.000000e+00,0.000000e+00,0.000000e+00,287,349
0.000000e+00,1.295558e-07,-2.160413e-07,3.310467e-07,0.000000e+00,0.000000e+00,0.000000e+00,0.000000e+00,0.000000e+00,0.000000e+00,0.000000e+00,288,349
0.000000e+00,1.798020e-08,-1.878462e-08,3.051882e-07,0.000000e+00,0.000000e+00,0.000000e+00,0.000000e+00,0.000000e+00,0.000000e+00,0.000000e+00,289,349
0.000000e+00,3.394607e-08,-3.268152e-09,5.637521e-07,0.000000e+00,0.000000e+00,0.000000e+00,0.000000e+00,0.000000e+00,0.000000e+00,0.000000e+00,290,349
0.000000e+00,-2.328715e-07,9.690112e-08,3.627255e-07,0.000000e+00,0.000000e+00,0.000000e+00,0.000000e+00,0.000000e+00,0.000000e+00,0.000000e+00,291,349
0.000000e+00,2.511297e-07,4.590226e-08,4.933248e-07,0.000000e+00,0.000000e+00,0.000000e+00,0.000000e+00,0.000000e+00,0.000000e+00,0.000000e+00,292,349
0.000000e+00,-6.409991e-08,-1.080890e-07,5.333442e-07,0.000000e+00,0.000000e+00,0.000000e+00,0.000000e+00,0.000000e+00,0.000000e+00,0.000000e+00,293,349
0.000000e+00,-1.450523e-07,1.650040e-07,5.215487e-07,0.000000e+00,0.000000e+00,0.000000e+00,0.000000e+00,0.000000e+00,0.000000e+00,0.000000e+00,294,349
0.000000e+00,1.629882e-07,7.615011e-08,6.222138e-07,0.000000e+00,0.000000e+00,0.000000e+00,0.000000e+00,0.000000e+00,0.000000e+00,0.000000e+00,295,349
0.000000e+00,6.785153e-08,-2.214829e-07,2.557993e-07,0.000000e+00,0.000000e+00,0.000000e+00,0.000000e+00,0.000000e+00,0.000000e+00,0.000000e+00,296,349
0.000000e+00,6.297419e-08,-1.912919e-09,2.320649e-07,0.000000e+00,0.000000e+00,0.000000e+00,0.000000e+00,0.000000e+00,0.000000e+00,0.000000e+00,297,349
0.000000e+00,-2.023236e-07,-5.911709e-08,4.006293e-07,0.000000e+00,0.000000e+00,0.000000e+00,0.000000e+00,0.000000e+00,0.000000e+00,0.000000e+00,298,349
0.000000e+00,1.156944e-07,-2.019884e-07,5.086866e-07,0.000000e+00,0.000000e+00,0.000000e+00,0.000000e+00,0.000000e+00,0.000000e+00,0.000000e+00,299,349
0.000000e+00,-1.586052e-07,-8.711974e-08,5.043838e-07,0.000000e+00,0.000000e+00,0.000000e+00,0.000000e+00,0.000000e+00,0.000000e+00,0.000000e+00,300,349
0.000000e+00,-1.888593e-08,5.891799e-08,5.538520e-07,0.000000e+00,0.000000e+00,0.000000e+00,0.000000e+00,0.000000e+00,0.000000e+00,0.000000e+00,301,349
0.000000e+00,-6.098590e-08,-3.864635e-08,3.006709e-07,0.000000e+00,0.000000e+00,0.000000e+00,0.000000e+00,0.000000e+00,0.000000e+00,0.000000e+00,302,349
0.000000e+00,-1.882410e-07,6.610278e-08,4.457298e-07,0.000000e+00,0.000000e+00,0.000000e+00,0.000000e+00,0.000000e+00,0.000000e+00,0.000000e+00,303,349
0.000000e+00,-1.260702e-07,1.624985e-07,2.796233e-07,0.000000e+00,0.000000e+00,0.000000e+00,0.000000e+00,0.000000e+00,0.000000e+00,0.000000e+00,304,349
0.000000e+00,-2.280538e-07,8.758891e-08,4.141399e-07,0.000000e+00,0.000000e+00,0.000000e+00,0.000000e+00,0.000000e+00,0.000000e+00,0.000000e+00,305,349
0.000000e+00,1.642360e-07,-7.844723e-09,2.123825e-07,0.000000e+00,0.000000e+00,0.000000e+00,0.000000e+00,0.000000e+00,0.000000e+00,0.000000e+00,306,349
0.000000e+00,-4.499340e-08,2.324966e-08,2.548664e-07,0.000000e+00,0.000000e+00,0.000000e+00,0.000000e+00,0.000000e+00,0.000000e+00,0.000000e+00,307,349
0.000000e+00,-2.200339e-07,1.306535e-07,4.807612e-07,0.000000e+00,0.000000e+00,0.000000e+00,0.000000e+00,0.000000e+00,0.000000e+00,0.000000e+00,308,349
0.000000e+00,1.118060e-07,-4.009600e-08,3.244096e-07,0.000000e+00,0.000000e+00,0.000000e+00,0.000000e+00,0.000000e+00,0.000000e+00,0.000000e+00,309,349
0.000000e+00,1.556789e-07,-1.860611e-08,5.338383e-07,0.000000e+00,0.000000e+00,0.000000e+00,0.000000e+00,0.000000e+00,0.000000e+00,0.000000e+00,310,349
0.000000e+00,2.019816e-07,5.756738e-08,3.218671e-07,0.000000e+00,0.000000e+00,0.000000e+00,0.000000e+00,0.000000e+00,0.000000e+00,0.000000e+00,311,349
0.000000e+00,7.824502e-08,1.225891e-07,2.909805e-07,0.000000e+00,0.000000e+00,0.000000e+00,0.000000e+00,0.000000e+00,0.000000e+00,0.000000e+00,312,349
0.000000e+00,1.433570e-07,9.110450e-08,4.345780e-07,0.000000e+00,0.000000e+00,0.000000e+00,0.000000e+00,0.000000e+00,0.000000e+00,0.000000e+00,313,349
0.000000e+00,-1.310604e-07,-2.104415e-07,2.379147e-07,0.000000e+00,0.000000e+00,0.000000e+00,0.000000e+00,0.000000e+00,0.000000e+00,0.000000e+00,314,349
0.000000e+00,-1.199716e-07,2.203956e-07,3.956762e-07,0.000000e+00,0.000000e+00,0.000000e+00,0.000000e+00,0.000000e+00,0.000000e+00,0.000000e+00,315,349
0.000000e+00,8.193455e-08,1.887979e-07,2.416501e-07,0.000000e+00,0.000000e+00,0.000000e+00,0.000000e+00,0.000000e+00,0.000000e+00,0.000000e+00,316,349
0.000000e+00,2.015429e-07,2.507254e-08,4.210003e-07,0.000000e+00,0.000000e+00,0.000000e+00,0.000000e+00,0.000000e+00,0.000000e+00,0.000000e+00,317,349
0.000000e+00,1.931377e-07,-1.999196e-08,1.801861e-07,0.000000e+00,0.000000e+00,0.000000e+00,0.000000e+00,0.000000e+00,0.000000e+00,0.000000e+00,318,349
0.000000e+00,1.163741e-07,1.777783e-08,1.638037e-07,0.000000e+00,0.000000e+00,0.000000e+00,0.000000e+00,0.000000e+00,0.000000e+00,0.000000e+00,319,349
0.000000e+00,3.089492e-08,2.517968e-07,4.837784e-07,0.000000e+00,0.000000e+00,0.000000e+00,0.000000e+00,0.000000e+00,0.000000e+00,0.000000e+00,320,349
0.000000e+00,-1.938719e-07,-7.866057e-08,3.206575e-07,0.000000e+00,0.000000e+00,0.000000e+00,0.000000e+00,0.000000e+00,0.000000e+00,0.000000e+00,321,349
0.000000e+00,2.329661e-07,1.010610e-07,3.525521e-07,0.000000e+00,0.000000e+00,0.000000e+00,0.000000e+00,0.000000e+00,0.000000e+00,0.000000e+00,322,349
0.000000e+00,7.352667e-08,1.208638e-07,1.487871e-07,0.000000e+00,0.000000e+00,0.000000e+00,0.000000e+00,0.000000e+00,0.000000e+00,0.000000e+00,323,349
0.000000e+00,5.564753e-08,1.651134e-07,2.747816e-07,0.000000e+00,0.000000e+00,0.000000e+00,0.000000e+00,0.000000e+00,0.000000e+00,0.000000e+00,324,349
0.000000e+00,1.894444e-07,1.652606e-08,2.480511e-07,0.000000e+00,0.000000e+00,0.000000e+00,0.000000e+00,0.000000e+00,0.000000e+00,0.000000e+00,325,349
0.000000e+00,-6.832254e-08,1.999730e-09,4.244971e-07,0.000000e+00,0.000000e+00,0.000000e+00,0.000000e+00,0.000000e+00,0.000000e+00,0.000000e+00,326,349
0.000000e+00,1.355086e-07,1.719882e-08,5.414105e-07,0.000000e+00,0.000000e+00,0.000000e+00,0.000000e+00,0.000000e+00,0.000000e+00,0.000000e+00,327,349
0.000000e+00,-2.015645e-07,1.517660e-07,3.159096e-07,0.000000e+00,0.000000e+00,0.000000e+00,0.000000e+00,0.000000e+00,0.000000e+00,0.000000e+00,328,349
0.000000e+00,5.473227e-08,-6.766836e-08,5.179479e-07,0.000000e+00,0.000000e+00,0.000000e+00,0.000000e+00,0.000000e+00,0.000000e+00,0.000000e+00,329,349
0.000000e+00,8.191463e-08,1.164836e-07,1.797397e-07,0.000000e+00,0.000000e+00,0.000000e+00,0.000000e+00,0.000000e+00,0.000000e+00,0.000000e+00,330,349
0.000000e+00,1.811203e-07,-2.000866e-07,4.114733e-07,0.000000e+00,0.000000e+00,0.000000e+00,0.000000e+00,0.000000e+00,0.000000e+00,0.000000e+00,331,349
0.000000e+00,-1.769605e-07,3.031510e-08,5.360431e-07,0.000000e+00,0.000000e+00,0.000000e+00,0.000000e+00,0.000000e+00,0.000000e+00,0.000000e+00,332,349
0.000000e+00,8.746097e-08,-1.062102e-07,2.883212e-07,0.000000e+00,0.000000e+00,0.000000e+00,0.000000e+00,0.000000e+00,0.000000e+00,0.000000e+00,333,349
0.000000e+00,-1.621386e-07,1.116350e-07,4.971377e-07,0.000000e+00,0.000000e+00,0.000000e+00,0.000000e+00,0.000000e+00,0.000000e+00,0.000000e+00,334,349
0.000000e+00,-8.107216e-08,-7.202672e-08,1.761145e-07,0.000000e+00,0.000000e+00,0.000000e+00,0.000000e+00,0.000000e+00,0.000000e+00,0.000000e+00,335,349
0.000000e+00,-9.049693e-08,4.184327e-08,3.625087e-07,0.000000e+00,0.000000e+00,0.000000e+00,0.000000e+00,0.000000e+00,0.000000e+00,0.000000e+00,336,349
0.000000e+00,-1.068706e-07,-1.463906e-07,1.705767e-07,0.000000e+00,0.000000e+00,0.000000e+00,0.000000e+00,0.000000e+00,0.000000e+00,0.000000e+00,337,349
0.000000e+00,1.753074e-07,-1.322468e-07,5.792582e-07,0.000000e+00,0.000000e+00,0.000000e+00,0.000000e+00,0.000000e+00,0.000000e+00,0.000000e+00,338,349
0.000000e+00,2.871468e-08,1.645784e-07,5.030527e-07,0.000000e+00,0.000000e+00,0.000000e+00,0.000000e+00,0.000000e+00,0.000000e+00,0.000000e+00,339,349
0.000000e+00,-9.543950e-08,2.658034e-07,4.646567e-07,0.000000e+00,0.000000e+00,0.000000e+00,0.000000e+00,0.000000e+00,0.000000e+00,0.000000e+00,340,349
0.000000e+00,1.363522e-07,1.397165e-07,4.265017e-07,0.000000e+00,0.000000e+00,0.000000e+00,0.000000e+00,0.000000e+00,0.000000e+00,0.000000e+00,341,349
0.000000e+00,-7.634082e-09,5.995509e-09,4.517339e-07,0.000000e+00,0.000000e+00,0.000000e+00,0.000000e+00,0.000000e+00,0.000000e+00,0.000000e+00,342,349
0.000000e+00,1.451800e-07,3.020316e-08,1.888093e-07,0.000000e+00,0.000000e+00,0.000000e+00,0.000000e+00,0.000000e+00,0.000000e+00,0.000000e+00,343,349
0.000000e+00,6.280691e-08,1.392287e-07,5.834492e-07,0.000000e+00,0.000000e+00,0.000000e+00,0.000000e+00,0.000000e+00,0.000000e+00,0.000000e+00,344,349
0.000000e+00,-1.178237e-07,-3.075971e-08,5.457234e-07,0.000000e+00,0.000000e+00,0.000000e+00,0.000000e+00,0.000000e+00,0.000000e+00,0.000000e+00,345,349
0.000000e+00,-1.154319e-08,-2.311376e-07,2.910158e-07,0.000000e+00,0.000000e+00,0.000000e+00,0.000000e+00,0.000000e+00,0.000000e+00,0.000000e+00,346,349
0.000000e+00,4.972520e-08,-5.984690e-08,2.175561e-07,0.000000e+00,0.000000e+00,0.000000e+00,0.000000e+00,0.000000e+00,0.000000e+00,0.000000e+00,347,349
0.000000e+00,-1.724799e-07,-7.803061e-08,3.237746e-07,0.000000e+00,0.000000e+00,0.000000e+00,0.000000e+00,0.000000e+00,0.000000e+00,0.000000e+00,348,349
0.000000e+00,-3.662713e-08,6.268886e-08,2.005218e-07,0.000000e+00,0.000000e+00,0.000000e+00,0.000000e+00,0.000000e+00,0.000000e+00,0.000000e+00,349,349
0.000000e+00,-9.358567e-08,1.805461e-07,3.208293e-07,0.000000e+00,0.000000e+00,0.000000e+00,0.000000e+00,0.000000e+00,0.000000e+00,0.000000e+00,350,349
0.000000e+00,2.092457e-07,1.021657e-07,3.595498e-07,0.000000e+00,0.000000e+00,0.000000e+00,0.000000e+00,0.000000e+00,0.000000e+00,0.000000e+00,351,349
0.000000e+00,1.796041e-07,-1.483248e-07,3.599784e-07,0.000000e+00,0.000000e+00,0.000000e+00,0.000000e+00,0.000000e+00,0.000000e+00,0.000000e+00,352,349
0.000000e+00,-7.877974e-08,1.755055e-07,3.851183e-07,0.000000e+00,0.000000e+00,0.000000e+00,0.000000e+00,0.000000e+00,0.000000e+00,0.000000e+00,353,349
0.000000e+00,-1.657149e-07,-1.045779e-07,2.066700e-07,0.000000e+00,0.000000e+00,0.000000e+00,0.000000e+00,0.000000e+00,0.000000e+00,0.000000e+00,354,349
0.000000e+00,1.271365e-07,4.440114e-08,3.944654e-07,0.000000e+00,0.000000e+00,0.000000e+00,0.000000e+00,0.000000e+00,0.000000e+00,0.000000e+00,355,349
0.000000e+00,-2.213956e-07,-1.396756e-07,2.844772e-07,0.000000e+00,0.000000e+00,0.000000e+00,0.000000e+00,0.000000e+00,0.000000e+00,0.000000e+00,356,349
0.000000e+00,-1.203601e-07,1.409519e-07,3.012763e-07,0.000000e+00,0.000000e+00,0.000000e+00,0.000000e+00,0.000000e+00,0.000000e+00,0.000000e+00,357,349
0.000000e+00,2.408007e-07,2.467254e-08,2.387518e-07,0.000000e+00,0.000000e+00,0.000000e+00,0.000000e+00,0.000000e+00,0.000000e+00,0.000000e+00,358,349
0.000000e+00,-1.108237e-07,1.990022e-07,5.386904e-07,0.000000e+00,0.000000e+00,0.000000e+00,0.000000e+00,0.000000e+00,0.000000e+00,0.000000e+00,359,349
0.000000e+00,-8.145037e-08,8.346825e-09,6.766537e-07,0.000000e+00,0.000000e+00,0.000000e+00,0.000000e+00,0.000000e+00,0.000000e+00,0.000000e+00,360,349
0.000000e+00,-9.553166e-08,1.423876e-08,4.770312e-07,0.000000e+00,0.000000e+00,0.000000e+00,0.000000e+00,0.000000e+00,0.000000e+00,0.000000e+00,361,349
0.000000e+00,-6.996698e-08,1.027907e-07,5.524998e-07,0.000000e+00,0.000000e+00,0.000000e+00,0.000000e+00,0.000000e+00,0.000000e+00,0.000000e+00,362,349
0.000000e+00,1.884846e-07,-5.324577e-08,3.789382e-07,0.000000e+00,0.000000e+00,0.000000e+00,0.000000e+00,0.000000e+00,0.000000e+00,0.000000e+00,363,349
0.000000e+00,-3.434878e-08,-1.812318e-07,3.127246e-07,0.000000e+00,0.000000e+00,0.000000e+00,0.000000e+00,0.000000e+00,0.000000e+00,0.000000e+00,364,349
0.000000e+00,2.133029e-07,1.055362e-07,4.130023e-07,0.000000e+00,0.000000e+00,0.000000e+00,0.000000e+00,0.000000e+00,0.000000e+00,0.000000e+00,365,349
0.000000e+00,-1.609896e-08,-1.776115e-07,2.333886e-07,0.000000e+00,0.000000e+00,0.000000e+00,0.000000e+00,0.000000e+00,0.000000e+00,0.000000e+00,366,349
0.000000e+00,2.471837e-07,-1.550526e-07,3.910810e-07,0.000000e+00,0.000000e+00,0.000000e+00,0.000000e+00,0.000000e+00,0.000000e+00,0.000000e+00,367,349
0.000000e+00,-2.430668e-07,-6.618249e-08,3.237830e-07,0.000000e+00,0.000000e+00,0.000000e+00,0.000000e+00,0.000000e+00,0.000000e+00,0.000000e+00,368,349
0.000000e+00,-1.090387e-07,-2.083236e-07,4.721360e-07,0.000000e+00,0.000000e+00,0.000000e+00,0.000000e+00,0.000000e+00,0.000000e+00,0.000000e+00,369,349
0.000000e+00,-6.126049e-08,1.390135e-08,3.845234e-07,0.000000e+00,0.000000e+00,0.000000e+00,0.000000e+00,0.000000e+00,0.000000e+00,0.000000e+00,370,349
0.000000e+00,9.464883e-08,1.776002e-07,2.871961e-07,0.000000e+00,0.000000e+00,0.000000e+00,0.000000e+00,0.000000e+00,0.000000e+00,0.000000e+00,371,349
0.000000e+00,-1.549459e-07,-1.654306e-07,3.288145e-07,0.000000e+00,0.000000e+00,0.000000e+00,0.000000e+00,0.000000e+00,0.000000e+00,0.000000e+00,372,349
0.000000e+00,-2.848565e-07,-2.648162e-08,4.654876e-07,0.000000e+00,0.000000e+00,0.000000e+00,0.000000e+00,0.000000e+00,0.000000e+00,0.000000e+00,373,349
0.000000e+00,-3.061832e-08,4.460311e-08,2.867895e-07,0.000000e+00,0.000000e+00,0.000000e+00,0.000000e+00,0.000000e+00,0.000000e+00,0.000000e+00,374,349
0.000000e+00,1.718352e-07,-1.819092e-07,4.537793e-07,0.000000e+00,0.000000e+00,0.000000e+00,0.000000e+00,0.000000e+00,0.000000e+00,0.000000e+00,375,349
0.000000e+00,6.194229e-08,-2.186955e-09,6.841741e-07,0.000000e+00,0.000000e+00,0.000000e+00,0.000000e+00,0.000000e+00,0.000000e+00,0.000000e+00,376,349
0.000000e+00,4.764758e-09,2.018027e-07,2.562769e-07,0.000000e+00,0.000000e+00,0.000000e+00,0.000000e+00,0.000000e+00,0.000000e+00,0.000000e+00,377,349
0.000000e+00,-2.201400e-08,-1.834113e-07,2.453016e-07,0.000000e+00,0.000000e+00,0.000000e+00,0.000000e+00,0.000000e+00,0.000000e+00,0.000000e+00,378,349
0.000000e+00,-1.906474e-08,2.413500e-08,2.782593e-07,0.000000e+00,0.000000e+00,0.000000e+00,0.000000e+00,0.000000e+00,0.000000e+00,0.000000e+00,379,349
0.000000e+00,-6.219992e-08,-1.044368e-07,1.836063e-07,0.000000e+00,0.000000e+00,0.000000e+00,0.000000e+00,0.000000e+00,0.000000e+00,0.000000e+00,380,349
0.000000e+00,-1.129801e-07,1.871181e-07,4.474069e-07,0.000000e+00,0.000000e+00,0.000000e+00,0.000000e+00,0.000000e+00,0.000000e+00,0.000000e+00,381,349
0.000000e+00,-1.528964e-07,1.974363e-07,4.090199e-07,0.000000e+00,0.000000e+00,0.000000e+00,0.000000e+00,0.000000e+00,0.000000e+00,0.000000e+00,382,349
0.000000e+00,3.482470e-08,-1.662752e-07,6.237243e-07,0.000000e+00,0.000000e+00,0.000000e+00,0.000000e+00,0.000000e+00,0.000000e+00,0.000000e+00,383,349
0.000000e+00,2.424691e-07,-5.950023e-08,3.601309e-07,0.000000e+00,0.000000e+00,0.000000e+00,0.000000e+00,0.000000e+00,0.000000e+00,0.000000e+00,384,349
0.000000e+00,-2.334197e-08,1.264483e-07,3.946223e-07,0.000000e+00,0.000000e+00,0.000000e+00,0.000000e+00,0.000000e+00,0.000000e+00,0.000000e+00,385,349
0.000000e+00,9.509673e-09,2.559991e-07,3.514748e-07,0.000000e+00,0.000000e+00,0.000000e+00,0.000000e+00,0.000000e+00,0.000000e+00,0.000000e+00,386,349
0.000000e+00,6.542744e-08,-3.846845e-08,3.813311e-07,0.000000e+00,0.000000e+00,0.000000e+00,0.000000e+00,0.000000e+00,0.000000e+00,0.000000e+00,387,349
0.000000e+00,-2.565357e-07,-8.265443e-08,3.961893e-07,0.000000e+00,0.000000e+00,0.000000e+00,0.000000e+00,0.000000e+00,0.000000e+00,0.000000e+00,388,349
0.000000e+00,-1.500471e-07,-3.533000e-08,2.359159e-07,0.000000e+00,0.000000e+00,0.000000e+00,0.000000e+00,0.000000e+00,0.000000e+00,0.000000e+00,389,349
0.000000e+00,7.167647e-08,1.006181e-07,4.869951e-07,0.000000e+00,0.000000e+00,0.000000e+00,0.000000e+00,0.000000e+00,0.000000e+00,0.000000e+00,390,349
0.000000e+00,8.702493e-09,-1.771217e-07,5.951321e-07,0.000000e+00,0.000000e+00,0.000000e+00,0.000000e+00,0.000000e+00,0.000000e+00,0.000000e+00,391,349
0.000000e+00,-2.493302e-07,6.707836e-08,3.704700e-07,0.000000e+00,0.000000e+00,0.000000e+00,0.000000e+00,0.000000e+00,0.000000e+00,0.000000e+00,392,349
0.000000e+00,-1.531723e-07,5.915049e-08,3.175598e-07,0.000000e+00,0.000000e+00,0.000000e+00,0.000000e+00,0.000000e+00,0.000000e+00,0.000000e+00,393,349
0.000000e+00,-2.156548e-08,-1.918778e-08,3.890269e-07,0.000000e+00,0.000000e+00,0.000000e+00,0.000000e+00,0.000000e+00,0.000000e+00,0.000000e+00,394,349
0.000000e+00,-9.233338e-09,2.444044e-07,3.183005e-07,0.000000e+00,0.000000e+00,0.000000e+00,0.000000e+00,0.000000e+00,0.000000e+00,0.000000e+00,395,349
0.000000e+00,1.233533e-07,-2.305940e-07,4.614102e-07,0.000000e+00,0.000000e+00,0.000000e+00,0.000000e+00,0.000000e+00,0.000000e+00,0.000000e+00,396,349
0.000000e+00,-6.607990e-09,-1.178558e-07,2.008129e-07,0.000000e+00,0.000000e+00,0.000000e+00,0.000000e+00,0.000000e+00,0.000000e+00,0.000000e+00,397,349
0.000000e+00,-1.904170e-07,-1.208927e-08,2.374051e-07,0.000000e+00,0.000000e+00,0.000000e+00,0.000000e+00,0.000000e+00,0.000000e+00,0.000000e+00,398,349
0.000000e+00,-1.568990e-07,-1.221708e-08,3.348744e-07,0.000000e+00,0.000000e+00,0.000000e+00,0.000000e+00,0.000000e+00,0.000000e+00,0.000000e+00,399,349
0.000000e+00,-9.986805e-08,-9.899712e-08,2.742457e-07,0.000000e+00,0.000000e+00,0.000000e+00,0.000000e+00,0.000000e+00,0.000000e+00,0.000000e+00,400,349
0.000000e+00,1.392095e-08,-1.386981e-08,5.232068e-07,0.000000e+00,0.000000e+00,0.000000e+00,0.000000e+00,0.000000e+00,0.000000e+00,0.000000e+00,401,349
0.000000e+00,-7.175690e-09,1.238018e-07,4.965167e-07,0.000000e+00,0.000000e+00,0.000000e+00,0.000000e+00,0.000000e+00,0.000000e+00,0.000000e+00,402,349
0.000000e+00,-1.248401e-07,2.330706e-07,3.363442e-07,0.000000e+00,0.000000e+00,0.000000e+00,0.000000e+00,0.000000e+00,0.000000e+00,0.000000e+00,403,349
0.000000e+00,-2.481526e-07,-9.156762e-08,3.360744e-07,0.000000e+00,0.000000e+00,0.000000e+00,0.000000e+00,0.000000e+00,0.000000e+00,0.000000e+00,404,349
0.000000e+00,-3.755555e-08,-1.588969e-07,2.539174e-07,0.000000e+00,0.000000e+00,0.000000e+00,0.000000e+00,0.000000e+00,0.000000e+00,0.000000e+00,405,349
0.000000e+00,1.598683e-07,-3.443033e-08,6.079192e-07,0.000000e+00,0.000000e+00,0.000000e+00,0.000000e+00,0.000000e+00,0.000000e+00,0.000000e+00,406,349
0.000000e+00,8.398565e-08,-5.456178e-08,3.327788e-07,0.000000e+00,0.000000e+00,0.000000e+00,0.000000e+00,0.000000e+00,0.000000e+00,0.000000e+00,407,349
0.000000e+00,2.061601e-07,1.754746e-07,3.999057e-07,0.000000e+00,0.000000e+00,0.000000e+00,0.000000e+00,0.000000e+00,0.000000e+00,0.000000e+00,408,349
0.000000e+00,-1.024370e-08,2.579751e-07,4.903223e-07,0.000000e+00,0.000000e+00,0.000000e+00,0.000000e+00,0.000000e+00,0.000000e+00,0.000000e+00,409,349
0.000000e+00,-1.207123e-07,-5.533782e-08,3.035778e-07,0.000000e+00,0.000000e+00,0.000000e+00,0.000000e+00,0.000000e+00,0.000000e+00,0.000000e+00,410,349
0.000000e+00,-4.797064e-08,1.273425e-07,2.932060e-07,0.000000e+00,0.000000e+00,0.000000e+00,0.000000e+00,0.000000e+00,0.000000e+00,0.000000e+00,411,349
0.000000e+00,-2.494851e-07,-9.206526e-08,2.938156e-07,0.000000e+00,0.000000e+00,0.000000e+00,0.000000e+00,0.000000e+00,0.000000e+00,0.000000e+00,412,349
0.000000e+00,9.889125e-09,2.160860e-09,6.053694e-07,0.000000e+00,0.000000e+00,0.000000e+00,0.000000e+00,0.000000e+00,0.000000e+00,0.000000e+00,413,349
0.000000e+00,-1.061086e-07,1.404902e-08,5.662988e-07,0.000000e+00,0.000000e+00,0.000000e+00,0.000000e+00,0.000000e+00,0.000000e+00,0.000000e+00,414,349
0.000000e+00,1.478506e-07,1.465941e-07,4.448151e-07,0.000000e+00,0.000000e+00,0.000000e+00,0.000000e+00,0.000000e+00,0.000000e+00,0.000000e+00,415,349
0.000000e+00,-1.094649e-08,1.916401e-07,2.303328e-07,0.000000e+00,0.000000e+00,0.000000e+00,0.000000e+00,0.000000e+00,0.000000e+00,0.000000e+00,416,349
0.000000e+00,9.509267e-08,-2.105985e-07,5.078092e-07,0.000000e+00,0.000000e+00,0.000000e+00,0.000000e+00,0.000000e+00,0.000000e+00,0.000000e+00,417,349
0.000000e+00,1.277176e-08,1.541052e-08,3.497316e-07,0.000000e+00,0.000000e+00,0.000000e+00,0.000000e+00,0.000000e+00,0.000000e+00,0.000000e+00,418,349
0.000000e+00,-6.685615e-08,7.659791e-08,2.924107e-07,0.000000e+00,0.000000e+00,0.000000e+00,0.000000e+00,0.000000e+00,0.000000e+00,0.000000e+00,419,349
0.000000e+00,2.218961e-07,1.422386e-08,3.118047e-07,0.000000e+00,0.000000e+00,0.000000e+00,0.000000e+00,0.000000e+00,0.000000e+00,0.000000e+00,420,349
0.000000e+00,-3.138550e-08,1.441052e-07,2.541113e-07,0.000000e+00,0.000000e+00,0.000000e+00,0.000000e+00,0.000000e+00,0.000000e+00,0.000000e+00,421,349
0.000000e+00,-7.674940e-08,3.858362e-08,6.151806e-07,0.000000e+00,0.000000e+00,0.000000e+00,0.000000e+00,0.000000e+00,0.000000e+00,0.000000e+00,422,349
0.000000e+00,-8.659218e-08,6.658033e-09,3.873790e-07,0.000000e+00,0.000000e+00,0.000000e+00,0.000000e+00,0.000000e+00,0.000000e+00,0.000000e+00,423,349
0.000000e+00,-6.319401e-08,-2.983182e-08,4.555554e-07,0.000000e+00,0.000000e+00,0.000000e+00,0.000000e+00,0.000000e+00,0.000000e+00,0.000000e+00,424,349
0.000000e+00,9.665991e-08,-6.556559e-08,3.569097e-07,0.000000e+00,0.000000e+00,0.000000e+00,0.000000e+00,0.000000e+00,0.000000e+00,0.000000e+00,425,349
0.000000e+00,-1.958316e-08,1.132435e-09,1.834354e-07,0.000000e+00,0.000000e+00,0.000000e+00,0.000000e+00,0.000000e+00,0.000000e+00,0.000000e+00,426,349
0.000000e+00,6.665353e-08,-2.347726e-07,4.127849e-07,0.000000e+00,0.000000e+00,0.000000e+00,0.000000e+00,0.000000e+00,0.000000e+00,0.000000e+00,427,349
0.000000e+00,4.203866e-08,-9.545403e-08,6.445062e-07,0.000000e+00,0.000000e+00,0.000000e+00,0.000000e+00,0.000000e+00,0.000000e+00,0.000000e+00,428,349
0.000000e+00,-1.534729e-07,-2.402613e-07,3.775666e-07,0.000000e+00,0.000000e+00,0.000000e+00,0.000000e+00,0.000000e+00,0.000000e+00,0.000000e+00,429,349
0.000000e+00,9.834282e-08,-1.244402e-07,5.422693e-07,0.000000e+00,0.000000e+00,0.000000e+00,0.000000e+00,0.000000e+00,0.000000e+00,0.000000e+00,430,349
0.000000e+00,-4.320351e-08,5.896390e-09,2.287254e-07,0.000000e+00,0.000000e+00,0.000000e+00,0.000000e+00,0.000000e+00,0.000000e+00,0.000000e+00,431,349
0.000000e+00,3.410120e-08,-2.105652e-07,3.307993e-07,0.000000e+00,0.000000e+00,0.000000e+00,0.000000e+00,0.000000e+00,0.000000e+00,0.000000e+00,432,349
0.000000e+00,-1.550534e-08,2.485126e-07,4.703951e-07,0.000000e+00,0.000000e+00,0.000000e+00,0.000000e+00,0.000000e+00,0.000000e+00,0.000000e+00,433,349
0.000000e+00,-7.060998e-08,-1.717781e-08,1.908074e-07,0.000000e+00,0.000000e+00,0.000000e+00,0.000000e+00,0.000000e+00,0.000000e+00,0.000000e+00,434,349
0.000000e+00,2.438114e-07,-1.106672e-07,4.080437e-07,0.000000e+00,0.000000e+00,0.000000e+00,0.000000e+00,0.000000e+00,0.000000e+00,0.000000e+00,435,349
0.000000e+00,1.870559e-07,4.747640e-08,4.198705e-07,0.000000e+00,0.000000e+00,0.000000e+00,0.000000e+00,0.000000e+00,0.000000e+00,0.000000e+00,436,349
0.000000e+00,-8.491609e-08,2.149055e-07,3.827655e-07,0.000000e+00,0.000000e+00,0.000000e+00,0.000000e+00,0.000000e+00,0.000000e+00,0.000000e+00,437,349
0.000000e+00,2.281810e-07,-1.626848e-07,4.199412e-07,0.000000e+00,0.000000e+00,0.000000e+00,0.000000e+00,0.000000e+00,0.000000e+00,0.000000e+00,438,349
0.000000e+00,-1.575009e-07,-8.297766e-08,2.374254e-07,0.000000e+00,0.000000e+00,0.000000e+00,0.000000e+00,0.000000e+00,0.000000e+00,0.000000e+00,439,349
0.000000e+00,-3.688321e-08,-2.025006e-08,2.947199e-07,0.000000e+00,0.000000e+00,0.000000e+00,0.000000e+00,0.000000e+00,0.000000e+00,0.000000e+00,440,349
0.000000e+00,-4.515969e-08,-2.353114e-07,4.282153e-07,0.000000e+00,0.000000e+00,0.000000e+00,0.000000e+00,0.000000e+00,0.000000e+00,0.000000e+00,441,349
0.000000e+00,1.250271e-07,-2.346639e-07,3.317061e-07,0.000000e+00,0.000000e+00,0.000000e+00,0.000000e+00,0.000000e+00,0.000000e+00,0.000000e+00,442,349
0.000000e+00,9.165803e-08,1.013750e-08,2.553674e-07,0.000000e+00,0.000000e+00,0.000000e+00,0.000000e+00,0.000000e+00,0.000000e+00,0.000000e+00,443,349
0.000000e+00,-7.120250e-08,-1.323334e-07,5.614434e-07,0.000000e+00,0.000000e+00,0.000000e+00,0.000000e+00,0.000000e+00,0.000000e+00,0.000000e+00,444,349
0.000000e+00,8.294423e-08,-2.072391e-07,3.217543e-07,0.000000e+00,0.000000e+00,0.000000e+00,0.000000e+00,0.000000e+00,0.000000e+00,0.000000e+00,445,349
0.000000e+00,-4.855258e-08,-3.824543e-08,6.416836e-07,0.000000e+00,0.000000e+00,0.000000e+00,0.000000e+00,0.000000e+00,0.000000e+00,0.000000e+00,446,349
0.000000e+00,2.044161e-07,-1.053897e-07,5.242650e-07,0.000000e+00,0.000000e+00,0.000000e+00,0.000000e+00,0.000000e+00,0.000000e+00,0.000000e+00,447,349
0.000000e+00,-4.168528e-08,-2.394676e-08,6.826926e-07,0.000000e+00,0.000000e+00,0.000000e+00,0.000000e+00,0.000000e+00,0.000000e+00,0.000000e+00,448,349
0.000000e+00,2.067784e-07,5.868290e-08,4.691694e-07,0.000000e+00,0.000000e+00,0.000000e+00,0.000000e+00,0.000000e+00,0.000000e+00,0.000000e+00,449,349
0.000000e+00,-1.857762e-08,6.614691e-08,5.811492e-07,0.000000e+00,0.000000e+00,0.000000e+00,0.000000e+00,0.000000e+00,0.000000e+00,0.000000e+00,450,349
0.000000e+00,-4.817499e-08,-1.810160e-07,1.829398e-07,0.000000e+00,0.000000e+00,0.000000e+00,0.000000e+00,0.000000e+00,0.000000e+00,0.000000e+00,451,349
0.000000e+00,-7.385771e-08,-2.065084e-07,4.145318e-07,0.000000e+00,0.000000e+00,0.000000e+00,0.000000e+00,0.000000e+00,0.000000e+00,0.000000e+00,452,349
0.000000e+00,-2.092526e-07,1.087470e-07,4.784675e-07,0.000000e+00,0.000000e+00,0.000000e+00,0.000000e+00,0.000000e+00,0.000000e+00,0.000000e+00,453,349
0.000000e+00,-1.846195e-07,3.793053e-08,6.188287e-07,0.000000e+00,0.000000e+00,0.000000e+00,0.000000e+00,0.000000e+00,0.000000e+00,0.000000e+00,454,349
0.000000e+00,1.506466e-07,-6.015576e-08,4.234343e-07,0.000000e+00,0.000000e+00,0.000000e+00,0.000000e+00,0.000000e+00,0.000000e+00,0.000000e+00,455,349
0.000000e+00,1.283125e-07,7.404383e-08,2.159524e-07,0.000000e+00,0.000000e+00,0.000000e+00,0.000000e+00,0.000000e+00,0.000000e+00,0.000000e+00,456,349
0.000000e+00,1.743808e-07,9.253451e-08,5.838250e-07,0.000000e+00,0.000000e+00,0.000000e+00,0.000000e+00,0.000000e+00,0.000000e+00,0.000000e+00,457,349
0.000000e+00,-2.068044e-07,-2.735678e-08,5.369698e-07,0.000000e+00,0.000000e+00,0.000000e+00,0.000000e+00,0.000000e+00,0.000000e+00,0.000000e+00,458,349
0.000000e+00,-6.374236e-08,8.564054e-09,3.265794e-07,0.000000e+00,0.000000e+00,0.000000e+00,0.000000e+00,0.000000e+00,0.000000e+00,0.000000e+00,459,349
0.000000e+00,-1.549776e-07,-1.775694e-07,4.191616e-07,0.000000e+00,0.000000e+00,0.000000e+00,0.000000e+00,0.000000e+00,0.000000e+00,0.000000e+00,460,349
0.000000e+00,1.995731e-07,-1.907372e-07,3.796615e-07,0.000000e+00,0.000000e+00,0.000000e+00,0.000000e+00,0.000000e+00,0.000000e+00,0.000000e+00,461,349
0.000000e+00,2.360147e-07,2.864641e-08,3.268730e-07,0.000000e+00,0.000000e+00,0.000000e+00,0.000000e+00,0.000000e+00,0.000000e+00,0.000000e+00,462,349
0.000000e+00,-1.880632e-07,9.460779e-08,3.459351e-07,0.000000e+00,0.000000e+00,0.000000e+00,0.000000e+00,0.000000e+00,0.000000e+00,0.000000e+00,463,349
0.000000e+00,-5.382403e-08,-2.273732e-08,2.645662e-07,0.000000e+00,0.000000e+00,0.000000e+00,0.000000e+00,0.000000e+00,0.000000e+00,0.000000e+00,464,349
0.000000e+00,-1.914305e-07,2.534303e-08,4.723944e-07,0.000000e+00,0.000000e+00,0.000000e+00,0.000000e+00,0.000000e+00,0.000000e+00,0.000000e+00,465,349
0.000000e+00,1.544454e-07,9.452019e-08,5.956062e-07,0.000000e+00,0.000000e+00,0.000000e+00,0.000000e+00,0.000000e+00,0.000000e+00,0.000000e+00,466,349
0.000000e+00,-9.013004e-08,-1.869894e-07,5.709372e-07,0.000000e+00,0.000000e+00,0.000000e+00,0.000000e+00,0.000000e+00,0.000000e+00,0.000000e+00,467,349
0.000000e+00,-1.686989e-07,-1.522683e-07,3.734078e-07,0.000000e+00,0.000000e+00,0.000000e+00,0.000000e+00,0.000000e+00,0.000000e+00,0.000000e+00,468,349
0.000000e+00,-1.883918e-07,1.305078e-07,2.831174e-07,0.000000e+00,0.000000e+00,0.000000e+00,0.000000e+00,0.000000e+00,0.000000e+00,0.000000e+00,469,349
0.000000e+00,9.150417e-08,2.472673e-07,4.889807e-07,0.000000e+00,0.000000e+00,0.000000e+00,0.000000e+00,0.000000e+00,0.000000e+00,0.000000e+00,470,349
0.000000e+00,5.102285e-08,2.990375e-08,4.133070e-07,0.000000e+00,0.000000e+00,0.000000e+00,0.000000e+00,0.000000e+00,0.000000e+00,0.000000e+00,471,349
0.000000e+00,1.658754e-07,2.342233e-07,4.141383e-07,0.000000e+00,0.000000e+00,0.000000e+00,0.000000e+00,0.000000e+00,0.000000e+00,0.000000e+00,472,349
0.000000e+00,-3.520915e-08,1.224752e-07,6.562563e-07,0.000000e+00,0.000000e+00,0.000000e+00,0.000000e+00,0.000000e+00,0.000000e+00,0.000000e+00,473,349
0.000000e+00,-1.018593e-07,-1.854880e-07,2.834878e-07,0.000000e+00,0.000000e+00,0.000000e+00,0.000000e+00,0.000000e+00,0.000000e+00,0.000000e+00,474,349
0.000000e+00,-5.337187e-08,2.385419e-07,5.231865e-07,0.000000e+00,0.000000e+00,0.000000e+00,0.000000e+00,0.000000e+00,0.000000e+00,0.000000e+00,475,349
0.000000e+00,-4.716346e-08,-7.178771e-08,6.446423e-07,0.000000e+00,0.000000e+00,0.000000e+00,0.000000e+00,0.000000e+00,0.000000e+00,0.000000e+00,476,349
0.000000e+00,2.778158e-07,-8.817503e-08,3.475106e-07,0.000000e+00,0.000000e+00,0.000000e+00,0.000000e+00,0.000000e+00,0.000000e+00,0.000000e+00,477,349
0.000000e+00,-1.400853e-07,7.870486e-08,1.779440e-07,0.000000e+00,0.000000e+00,0.000000e+00,0.000000e+00,0.000000e+00,0.000000e+00,0.000000e+00,478,349
0.000000e+00,-2.014780e-07,3.876695e-08,4.588275e-07,0.000000e+00,0.000000e+00,0.000000e+00,0.000000e+00,0.000000e+00,0.000000e+00,0.000000e+00,479,349
0.000000e+00,4.301295e-08,-6.484309e-08,6.555683e-07,0.000000e+00,0.000000e+00,0.000000e+00,0.000000e+00,0.000000e+00,0.000000e+00,0.000000e+00,480,349
0.000000e+00,-2.167464e-07,-1.136647e-07,3.269767e-07,0.000000e+00,0.000000e+00,0.000000e+00,0.000000e+00,0.000000e+00,0.000000e+00,0.000000e+00,481,349
0.000000e+00,1.743015e-07,-1.921814e-07,2.693080e-07,0.000000e+00,0.000000e+00,0.000000e+00,0.000000e+00,0.000000e+00,0.000000e+00,0.000000e+00,482,349
0.000000e+00,1.808447e-07,1.686134e-07,3.811446e-07,0.000000e+00,0.000000e+00,0.000000e+00,0.000000e+00,0.000000e+00,0.000000e+00,0.000000e+00,483,349
0.000000e+00,-2.647072e-07,-2.211346e-08,2.988372e-07,0.000000e+00,0.000000e+00,0.000000e+00,0.000000e+00,0.000000e+00,0.000000e+00,0.000000e+00,484,349
0.000000e+00,4.122973e-08,-7.601528e-08,4.994892e-07,0.000000e+00,0.000000e+00,0.000000e+00,0.000000e+00,0.000000e+00,0.000000e+00,0.000000e+00,485,349
0.000000e+00,7.908085e-08,2.051658e-07,4.180692e-07,0.000000e+00,0.000000e+00,0.000000e+00,0.000000e+00,0.000000e+00,0.000000e+00,0.000000e+00,486,349
0.000000e+00,1.363013e-07,-1.324261e-07,6.228108e-07,0.000000e+00,0.000000e+00,0.000000e+00,0.000000e+00,0.000000e+00,0.000000e+00,0.000000e+00,487,349
0.000000e+00,1.389602e-07,2.475188e-08,3.370809e-07,0.000000e+00,0.000000e+00,0.000000e+00,0.000000e+00,0.000000e+00,0.000000e+00,0.000000e+00,488,349
0.000000e+00,1.986214e-07,2.683523e-08,3.583203e-07,0.000000e+00,0.000000e+00,0.000000e+00,0.000000e+00,0.000000e+00,0.000000e+00,0.000000e+00,489,349
0.000000e+00,-8.160318e-08,8.666691e-08,4.738839e-07,0.000000e+00,0.000000e+00,0.000000e+00,0.000000e+00,0.000000e+00,0.000000e+00,0.000000e+00,490,349
0.000000e+00,1.982559e-07,-1.081805e-07,3.065659e-07,0.000000e+00,0.000000e+00,0.000000e+00,0.000000e+00,0.000000e+00,0.000000e+00,0.000000e+00,491,349
0.000000e+00,-1.050499e-07,7.116909e-08,4.500070e-07,0.000000e+00,0.000000e+00,0.000000e+00,0.000000e+00,0.000000e+00,0.000000e+00,0.000000e+00,492,349
0.000000e+00,-5.485645e-08,1.529257e-07,4.480413e-07,0.000000e+00,0.000000e+00,0.000000e+00,0.000000e+00,0.000000e+00,0.000000e+00,0.000000e+00,493,349
0.000000e+00,-1.314722e-07,-9.535053e-08,2.353843e-07,0.000000e+00,0.000000e+00,0.000000e+00,0.000000e+00,0.000000e+00,0.000000e+00,0.000000e+00,494,349
0.000000e+00,1.290953e-07,7.348706e-09,2.345687e-07,0.000000e+00,0.000000e+00,0.000000e+00,0.000000e+00,0.000000e+00,0.000000e+00,0.000000e+00,495,349
0.000000e+00,-3.711151e-08,5.042051e-08,3.492937e-07,0.000000e+00,0.000000e+00,0.000000e+00,0.000000e+00,0.000000e+00,0.000000e+00,0.000000e+00,496,349
0.000000e+00,-1.983069e-07,3.147295e-08,4.445082e-07,0.000000e+00,0.000000e+00,0.000000e+00,0.000000e+00,0.000000e+00,0.000000e+00,0.000000e+00,497,349
0.000000e+00,-8.289631e-08,-1.238616e-07,5.225479e-07,0.000000e+00,0.000000e+00,0.000000e+00,0.000000e+00,0.000000e+00,0.000000e+00,0.000000e+00,498,349
0.000000e+00,-2.360676e-09,-8.622864e-08,1.510853e-07,0.000000e+00,0.000000e+00,0.000000e+00,0.000000e+00,0.000000e+00,0.000000e+00,0.000000e+00,499,349
