0.000000e+00,1.204294e-08,-5.402482e-08,4.399214e-07,0.000000e+00,0.000000e+00,0.000000e+00,0.000000e+00,0.000000e+00,0.000000e+00,0.000000e+00,0,356
0.000000e+00,2.216274e-08,-6.572327e-09,1.449075e-07,0.000000e+00,0.000000e+00,0.000000e+00,0.000000e+00,0.000000e+00,0.000000e+00,0.000000e+00,1,356
0.000000e+00,1.656713e-07,1.174234e-07,5.714484e-07,0.000000e+00,0.000000e+00,0.000000e+00,0.000000e+00,0.000000e+00,0.000000e+00,0.000000e+00,2,356
0.000000e+00,-5.604363e-08,1.016950e-07,3.759867e-07,0.000000e+00,0.000000e+00,0.000000e+00,0.000000e+00,0.000000e+00,0.000000e+00,0.000000e+00,3,356
0.000000e+00,-1.750564e-07,-1.691924e-08,4.113442e-07,0.000000e+00,0.000000e+00,0.000000e+00,0.000000e+00,0.000000e+00,0.000000e+00,0.000000e+00,4,356
0.000000e+00,-1.025150e-07,6.705451e-08,1.387623e-07,0.000000e+00,0.000000e+00,0.000000e+00,0.000000e+00,0.000000e+00,0.000000e+00,0.000000e+00,5,356
0.000000e+00,-1.892391e-08,-2.522441e-07,2.857238e-07,0.000000e+00,0.000000e+00,0.000000e+00,0.000000e+00,0.000000e+00,0.000000e+00,0.000000e+00,6,356
0.000000e+00,-2.187149e-07,-5.886085e-10,4.701555e-07,0.000000e+00,0.000000e+00,0.000000e+00,0.000000e+00,0.000000e+00,0.000000e+00,0.000000e+00,7,356
0.000000e+00,-5.982381e-08,2.493962e-07,5.113475e-07,0.000000e+00,0.000000e+00,0.000000e+00,0.000000e+00,0.000000e+00,0.000000e+00,0.000000e+00,8,356
0.000000e+00,3.894296e-08,-2.742153e-08,2.562367e-07,0.000000e+00,0.000000e+00,0.000000e+00,0.000000e+00,0.000000e+00,0.000000e+00,0.000000e+00,9,356
0.000000e+00,1.584911e-07,-1.174163e-07,5.685889e-07,0.000000e+00,0.000000e+00,0.000000e+00,0.000000e+00,0.000000e+00,0.000000e+00,0.000000e+00,10,356
0.000000e+00,4.958768e-08,2.302158e-07,3.579124e-07,0.000000e+00,0.000000e+00,0.000000e+00,0.000000e+00,0.000000e+00,0.000000e+00,0.000000e+00,11,356
0.000000e+00,1.566914e-07,3.309390e-08,2.643645e-07,0.000000e+00,0.000000e+00,0.000000e+00,0.000000e+00,0.000000e+00,0.000000e+00,0.000000e+00,12,356
0.000000e+00,-1.342079e-07,-1.181075e-07,5.475068e-07,0.000000e+00,0.000000e+00,0.000000e+00,0.000000e+00,0.000000e+00,0.000000e+00,0.000000e+00,13,356
0.000000e+00,-7.906741e-08,-1.986409e-08,2.095234e-07,0.000000e+00,0.000000e+00,0.000000e+00,0.000000e+00,0.000000e+00,0.000000e+00,0.000000e+00,14,356
0.000000e+00,4.457583e-08,1.338987e-07,4.337935e-07,0.000000e+00,0.000000e+00,0.000000e+00,0.000000e+00,0.000000e+00,0.000000e+00,0.000000e+00,15,356
0.000000e+00,-7.368843e-08,-2.861480e-08,4.919689e-07,0.000000e+00,0.000000e+00,0.000000e+00,0.000000e+00,0.000000e+00,0.000000e+00,0.000000e+00,16,356
0.000000e+00,2.350923e-07,2.358800e-08,2.305143e-07,0.000000e+00,0.000000e+00,0.000000e+00,0.000000e+00,0.000000e+00,0.000000e+00,0.000000e+00,17,356
0.000000e+00,-1.161613e-07,1.190324e-07,5.017925e-07,0.000000e+00,0.000000e+00,0.000000e+00,0.000000e+00,0.000000e+00,0.000000e+00,0.000000e+00,18,356
0.000000e+00,-2.686951e-07,-5.847901e-08,3.114557e-07,0.000000e+00,0.000000e+00,0.000000e+00,0.000000e+00,0.000000e+00,0.000000e+00,0.000000e+00,19,356
0.000000e+00,-5.998804e-09,-1.154377e-07,1.506593e-07,0.000000e+00,0.000000e+00,0.000000e+00,0.000000e+00,0.000000e+00,0.000000e+00,0.000000e+00,20,356
0.000000e+00,2.415585e-07,-1.344609e-07,4.929915e-07,0.000000e+00,0.000000e+00,0.000000e+00,0.000000e+00,0.000000e+00,0.000000e+00,0.000000e+00,21,356
0.000000e+00,-1.371627e-07,-1.900202e-08,6.521370e-07,0.000000e+00,0.000000e+00,0.000000e+00,0.000000e+00,0.000000e+00,0.000000e+00,0.000000e+00,22,356
0.000000e+00,1.421928e-08,6.632397e-08,4.523080e-07,0.000000e+00,0.000000e+00,0.000000e+00,0.000000e+00,0.000000e+00,0.000000e+00,0.000000e+00,23,356
0.000000e+00,1.466672e-07,4.314770e-08,6.352794e-07,0.000000e+00,0.000000e+00,0.000000e+00,0.000000e+00,0.000000e+00,0.000000e+00,0.000000e+00,24,356
0.000000e+00,-1.052097e-07,2.078940e-07,3.056896e-07,0.000000e+00,0.000000e+00,0.000000e+00,0.000000e+00,0.000000e+00,0.000000e+00,0.000000e+00,25,356
0.000000e+00,2.315323e-07,7.043141e-08,5.054066e-07,0.000000e+00,0.000000e+00,0.000000e+00,0.000000e+00,0.000000e+00,0.000000e+00,0.000000e+00,26,356
0.000000e+00,-1.643345e-08,1.625119e-07,3.562711e-07,0.000000e+00,0.000000e+00,0.000000e+00,0.000000e+00,0.000000e+00,0.000000e+00,0.000000e+00,27,356
0.000000e+00,1.394540e-07,-3.797595e-08,1.779549e-07,0.000000e+00,0.000000e+00,0.000000e+00,0.000000e+00,0.000000e+00,0.000000e+00,0.000000e+00,28,356
0.000000e+00,-2.602096e-07,-1.343207e-07,4.342167e-07,0.000000e+00,0.000000e+00,0.000000e+00,0.000000e+00,0.000000e+00,0.000000e+00,0.000000e+00,29,356
0.000000e+00,1.822251e-07,1.071723e-07,3.695313e-07,0.000000e+00,0.000000e+00,0.000000e+00,0.000000e+00,0.000000e+00,0.000000e+00,0.000000e+00,30,356
0.000000e+00,-5.055296e-08,-1.977255e-08,6.316314e-07,0.000000e+00,0.000000e+00,0.000000e+00,0.000000e+00,0.000000e+00,0.000000e+00,0.000000e+00,31,356
0.000000e+00,8.519304e-08,-1.124835e-07,3.383993e-07,0.000000e+00,0.000000e+00,0.000000e+00,0.000000e+00,0.000000e+00,0.000000e+00,0.000000e+00,32,356
0.000000e+00,1.290561e-07,2.033458e-07,2.512675e-07,0.000000e+00,0.000000e+00,0.000000e+00,0.000000e+00,0.000000e+00,0.000000e+00,0.000000e+00,33,356
0.000000e+00,1.064108e-07,-2.449233e-08,4.486334e-07,0.000000e+00,0.000000e+00,0.000000e+00,0.000000e+00,0.000000e+00,0.000000e+00,0.000000e+00,34,356
0.000000e+00,-1.053307e-07,-1.326696e-07,1.661738e-07,0.000000e+00,0.000000e+00,0.000000e+00,0.000000e+00,0.000000e+00,0.000000e+00,0.000000e+00,35,356
0.000000e+00,1.328752e-07,4.890397e-09,3.552110e-07,0.000000e+00,0.000000e+00,0.000000e+00,0.000000e+00,0.000000e+00,0.000000e+00,0.000000e+00,36,356
0.000000e+00,-3.034397e-08,2.538415e-07,3.252241e-07,0.000000e+00,0.000000e+00,0.000000e+00,0.000000e+00,0.000000e+00,0.000000e+00,0.000000e+00,37,356
0.000000e+00,-1.086908e-07,1.982238e-07,2.053965e-07,0.000000e+00,0.000000e+00,0.000000e+00,0.000000e+00,0.000000e+00,0.000000e+00,0.000000e+00,38,356
0.000000e+00,-2.082897e-07,-1.338904e-07,5.423301e-07,0.000000e+00,0.000000e+00,0.000000e+00,0.000000e+00,0.000000e+00,0.000000e+00,0.000000e+00,39,356
0.000000e+00,1.064949e-07,-1.231209e-07,5.067135e-07,0.000000e+00,0.000000e+00,0.000000e+00,0.000000e+00,0.000000e+00,0.000000e+00,0.000000e+00,40,356
0.000000e+00,-2.038203e-08,-1.520463e-07,2.435643e-07,0.000000e+00,0.000000e+00,0.000000e+00,0.000000e+00,0.000000e+00,0.000000e+00,0.000000e+00,41,356
0.000000e+00,-1.295224e-07,-1.361636e-07,3.321844e-07,0.000000e+00,0.000000e+00,0.000000e+00,0.000000e+00,0.000000e+00,0.000000e+00,0.000000e+00,42,356
0.000000e+00,7.636586e-08,-5.924802e-10,6.169067e-07,0.000000e+00,0.000000e+00,0.000000e+00,0.000000e+00,0.000000e+00,0.000000e+00,0.000000e+00,43,356
0.000000e+00,-1.282185e-07,-2.318424e-07,4.149261e-07,0.000000e+00,0.000000e+00,0.000000e+00,0.000000e+00,0.000000e+00,0.000000e+00,0.000000e+00,44,356
0.000000e+00,7.887339e-08,1.604849e-07,5.257088e-07,0.000000e+00,0.000000e+00,0.000000e+00,0.000000e+00,0.000000e+00,0.000000e+00,0.000000e+00,45,356
0.000000e+00,-1.124455e-07,-1.768851e-07,2.716620e-07,0.000000e+00,0.000000e+00,0.000000e+00,0.000000e+00,0.000000e+00,0.000000e+00,0.000000e+00,46,356
0.000000e+00,1.045175e-07,2.280447e-08,5.416329e-07,0.000000e+00,0.000000e+00,0.000000e+00,0.000000e+00,0.000000e+00,0.000000e+00,0.000000e+00,47,356
0.000000e+00,-7.381399e-08,-1.554958e-07,6.245447e-07,0.000000e+00,0.000000e+00,0.000000e+00,0.000000e+00,0.000000e+00,0.000000e+00,0.000000e+00,48,356
0.000000e+00,1.521519e-07,1.739641e-07,4.307666e-07,0.000000e+00,0.000000e+00,0.000000e+00,0.000000e+00,0.000000e+00,0.000000e+00,0.000000e+00,49,356
0.000000e+00,-1.962352e-07,1.339113e-07,4.928516e-07,0.000000e+00,0.000000e+00,0.000000e+00,0.000000e+00,0.000000e+00,0.000000e+00,0.000000e+00,50,356
0.000000e+00,-8.785484e-08,1.803273e-08,5.655584e-07,0.000000e+00,0.000000e+00,0.000000e+00,0.000000e+00,0.000000e+00,0.000000e+00,0.000000e+00,51,356
0.000000e+00,1.335358e-07,-1.723051e-07,3.879372e-07,0.000000e+00,0.000000e+00,0.000000e+00,0.000000e+00,0.000000e+00,0.000000e+00,0.000000e+00,52,356
0.000000e+00,5.951396e-08,-2.294126e-07,3.928046e-07,0.000000e+00,0.000000e+00,0.000000e+00,0.000000e+00,0.000000e+00,0.000000e+00,0.000000e+00,53,356
0.000000e+00,2.637477e-07,-6.475190e-08,4.111057e-07,0.000000e+00,0.000000e+00,0.000000e+00,0.000000e+00,0.000000e+00,0.000000e+00,0.000000e+00,54,356
0.000000e+00,-4.998570e-08,-8.449054e-08,3.176726e-07,0.000000e+00,0.000000e+00,0.000000e+00,0.000000e+00,0.000000e+00,0.000000e+00,0.000000e+00,55,356
0.000000e+00,6.707858e-09,5.982392e-08,2.183216e-07,0.000000e+00,0.000000e+00,0.000000e+00,0.000000e+00,0.000000e+00,0.000000e+00,0.000000e+00,56,356
0.000000e+00,-1.651331e-07,-3.087232e-10,1.690231e-07,0.000000e+00,0.000000e+00,0.000000e+00,0.000000e+00,0.000000e+00,0.000000e+00,0.000000e+00,57,356
0.000000e+00,-2.452209e-07,-3.545850e-08,5.503116e-07,0.000000e+00,0.000000e+00,0.000000e+00,0.000000e+00,0.000000e+00,0.000000e+00,0.000000e+00,58,356
0.000000e+00,-5.627490e-08,1.116693e-07,2.069474e-07,0.000000e+00,0.000000e+00,0.000000e+00,0.000000e+00,0.000000e+00,0.000000e+00,0.000000e+00,59,356
0.000000e+00,1.576082e-08,2.344632e-07,5.542684e-07,0.000000e+00,0.000000e+00,0.000000e+00,0.000000e+00,0.000000e+00,0.000000e+00,0.000000e+00,60,356
0.000000e+00,9.495461e-08,-2.052691e-07,5.820180e-07,0.000000e+00,0.000000e+00,0.000000e+00,0.000000e+00,0.000000e+00,0.000000e+00,0.000000e+00,61,356
0.000000e+00,8.383849e-08,1.239087e-07,6.003199e-07,0.000000e+00,0.000000e+00,0.000000e+00,0.000000e+00,0.000000e+00,0.000000e+00,0.000000e+00,62,356
0.000000e+00,1.902365e-07,-4.014521e-08,2.446053e-07,0.000000e+00,0.000000e+00,0.000000e+00,0.000000e+00,0.000000e+00,0.000000e+00,0.000000e+00,63,356
0.000000e+00,1.602145e-07,1.517359e-07,2.944415e-07,0.000000e+00,0.000000e+00,0.000000e+00,0.000000e+00,0.000000e+00,0.000000e+00,0.000000e+00,64,356
0.000000e+00,-2.253600e-07,1.452416e-07,2.968139e-07,0.000000e+00,0.000000e+00,0.000000e+00,0.000000e+00,0.000000e+00,0.000000e+00,0.000000e+00,65,356
0.000000e+00,-1.128170e-08,-2.055020e-07,3.678440e-07,0.000000e+00,0.000000e+00,0.000000e+00,0.000000e+00,0.000000e+00,0.000000e+00,0.000000e+00,66,356
0.000000e+00,-1.280798e-07,-1.161920e-07,4.319592e-07,0.000000e+00,0.000000e+00,0.000000e+00,0.000000e+00,0.000000e+00,0.000000e+00,0.000000e+00,67,356
0.000000e+00,8.742440e-08,2.224900e-07,4.807548e-07,0.000000e+00,0.000000e+00,0.000000e+00,0.000000e+00,0.000000e+00,0.000000e+00,0.000000e+00,68,356
0.000000e+00,-7.689960e-08,1.891715e-07,6.077955e-07,0.000000e+00,0.000000e+00,0.000000e+00,0.000000e+00,0.000000e+00,0.000000e+00,0.000000e+00,69,356
0.000000e+00,6.253523e-08,1.075326e-07,1.693947e-07,0.000000e+00,0.000000e+00,0.000000e+00,0.000000e+00,0.000000e+00,0.000000e+00,0.000000e+00,70,356
0.000000e+00,-2.458042e-07,5.966399e-08,3.787561e-07,0.000000e+00,0.000000e+00,0.000000e+00,0.000000e+00,0.000000e+00,0.000000e+00,0.000000e+00,71,356
0.000000e+00,1.317864e-07,-1.867775e-07,2.849206e-07,0.000000e+00,0.000000e+00,0.000000e+00,0.000000e+00,0.000000e+00,0.000000e+00,0.000000e+00,72,356
0.000000e+00,-8.954105e-10,9.778477e-08,6.404028e-07,0.000000e+00,0.000000e+00,0.000000e+00,0.000000e+00,0.000000e+00,0.000000e+00,0.000000e+00,73,356
0.000000e+00,-2.385408e-08,-1.628341e-07,5.086054e-07,0.000000e+00,0.000000e+00,0.000000e+00,0.000000e+00,0.000000e+00,0.000000e+00,0.000000e+00,74,356
0.000000e+00,-1.739303e-08,-5.932997e-08,5.568074e-07,0.000000e+00,0.000000e+00,0.000000e+00,0.000000e+00,0.000000e+00,0.000000e+00,0.000000e+00,75,356
0.000000e+00,2.244016e-07,-5.697357e-08,5.334898e-07,0.000000e+00,0.000000e+00,0.000000e+00,0.000000e+00,0.000000e+00,0.000000e+00,0.000000e+00,76,356
0.000000e+00,2.153120e-07,-1.390988e-08,3.640710e-07,0.000000e+00,0.000000e+00,0.000000e+00,0.000000e+00,0.000000e+00,0.000000e+00,0.000000e+00,77,356
0.000000e+00,-9.208600e-08,1.750935e-07,4.553479e-07,0.000000e+00,0.000000e+00,0.000000e+00,0.000000e+00,0.000000e+00,0.000000e+00,0.000000e+00,78,356
0.000000e+00,9.622893e-09,2.104421e-07,4.680833e-07,0.000000e+00,0.000000e+00,0.000000e+00,0.000000e+00,0.000000e+00,0.000000e+00,0.000000e+00,79,356
0.000000e+00,-1.815058e-08,1.245091e-07,5.566665e-07,0.000000e+00,0.000000e+00,0.000000e+00,0.000000e+00,0.000000e+00,0.000000e+00,0.000000e+00,80,356
0.000000e+00,-4.593190e-09,-2.323644e-07,5.657285e-07,0.000000e+00,0.000000e+00,0.000000e+00,0.000000e+00,0.000000e+00,0.000000e+00,0.000000e+00,81,356
0.000000e+00,1.440648e-07,-2.274063e-07,4.849267e-07,0.000000e+00,0.000000e+00,0.000000e+00,0.000000e+00,0.000000e+00,0.000000e+00,0.000000e+00,82,356
0.000000e+00,2.361015e-07,-6.623635e-08,3.160126e-07,0.000000e+00,0.000000e+00,0.000000e+00,0.000000e+00,0.000000e+00,0.000000e+00,0.000000e+00,83,356
0.000000e+00,-1.132036e-07,9.438985e-08,6.299022e-07,0.000000e+00,0.000000e+00,0.000000e+00,0.000000e+00,0.000000e+00,0.000000e+00,0.000000e+00,84,356
0.000000e+00,-1.687965e-07,1.461644e-07,5.687591e-07,0.000000e+00,0.000000e+00,0.000000e+00,0.000000e+00,0.000000e+00,0.000000e+00,0.000000e+00,85,356
0.000000e+00,-9.908636e-08,2.535739e-08,3.749786e-07,0.000000e+00,0.000000e+00,0.000000e+00,0.000000e+00,0.000000e+00,0.000000e+00,0.000000e+00,86,356
0.000000e+00,-1.505083e-07,-2.162834e-07,3.306734e-07,0.000000e+00,0.000000e+00,0.000000e+00,0.000000e+00,0.000000e+00,0.000000e+00,0.000000e+00,87,356
0.000000e+00,-2.449926e-07,1.366962e-07,4.146500e-07,0.000000e+00,0.000000e+00,0.000000e+00,0.000000e+00,0.000000e+00,0.000000e+00,0.000000e+00,88,356
0.000000e+00,-2.000864e-07,2.970495e-08,2.901709e-07,0.000000e+00,0.000000e+00,0.000000e+00,0.000000e+00,0.000000e+00,0.000000e+00,0.000000e+00,89,356
0.000000e+00,2.269160e-07,-1.776220e-07,3.299135e-07,0.000000e+00,0.000000e+00,0.000000e+00,0.000000e+00,0.000000e+00,0.000000e+00,0.000000e+00,90,356
0.000000e+00,5.483131e-09,6.199808e-08,3.577000e-07,0.000000e+00,0.000000e+00,0.000000e+00,0.000000e+00,0.000000e+00,0.000000e+00,0.000000e+00,91,356
0.000000e+00,-1.531415e-07,5.199715e-08,4.461857e-07,0.000000e+00,0.000000e+00,0.000000e+00,0.000000e+00,0.000000e+00,0.000000e+00,0.000000e+00,92,356
0.000000e+00,-1.331940e-07,-1.903204e-07,4.965794e-07,0.000000e+00,0.000000e+00,0.000000e+00,0.000000e+00,0.000000e+00,0.000000e+00,0.000000e+00,93,356
0.000000e+00,-5.946901e-08,6.366092e-08,4.614810e-07,0.000000e+00,0.000000e+00,0.000000e+00,0.000000e+00,0.000000e+00,0.000000e+00,0.000000e+00,94,356
0.000000e+00,6.104542e-08,-2.453727e-07,4.826913e-07,0.000000e+00,0.000000e+00,0.000000e+00,0.000000e+00,0.000000e+00,0.000000e+00,0.000000e+00,95,356
0.000000e+00,-2.594300e-07,-1.161816e-07,3.599527e-07,0.000000e+00,0.000000e+00,0.000000e+00,0.000000e+00,0.000000e+00,0.000000e+00,0.000000e+00,96,356
0.000000e+00,-1.643053e-07,2.046757e-07,4.990172e-07,0.000000e+00,0.000000e+00,0.000000e+00,0.000000e+00,0.000000e+00,0.000000e+00,0.000000e+00,97,356
0.000000e+00,5.631447e-09,1.933579e-07,1.756546e-07,0.000000e+00,0.000000e+00,0.000000e+00,0.000000e+00,0.000000e+00,0.000000e+00,0.000000e+00,98,356
0.000000e+00,-2.906249e-07,-1.729159e-08,4.430938e-07,0.000000e+00,0.000000e+00,0.000000e+00,0.000000e+00,0.000000e+00,0.000000e+00,0.000000e+00,99,356
0.000000e+00,-2.047886e-07,-9.713234e-08,2.984308e-07,0.000000e+00,0.000000e+00,0.000000e+00,0.000000e+00,0.000000e+00,0.000000e+00,0.000000e+00,100,356
0.000000e+00,4.145428e-08,-1.572826e-07,4.208429e-07,0.000000e+00,0.000000e+00,0.000000e+00,0.000000e+00,0.000000e+00,0.000000e+00,0.000000e+00,101,356
0.000000e+00,-1.474976e-07,2.179783e-07,3.960727e-07,0.000000e+00,0.000000e+00,0.000000e+00,0.000000e+00,0.000000e+00,0.000000e+00,0.000000e+00,102,356
0.000000e+00,8.258166e-08,-1.123340e-07,2.346863e-07,0.000000e+00,0.000000e+00,0.000000e+00,0.000000e+00,0.000000e+00,0.000000e+00,0.000000e+00,103,356
0.000000e+00,-1.762790e-07,3.527389e-08,5.555234e-07,0.000000e+00,0.000000e+00,0.000000e+00,0.000000e+00,0.000000e+00,0.000000e+00,0.000000e+00,104,356
0.000000e+00,-9.525844e-09,8.679756e-08,1.419914e-07,0.000000e+00,0.000000e+00,0.000000e+00,0.000000e+00,0.000000e+00,0.000000e+00,0.000000e+00,105,356
0.000000e+00,2.091071e-07,1.853709e-07,3.424809e-07,0.000000e+00,0.000000e+00,0.000000e+00,0.000000e+00,0.000000e+00,0.000000e+00,0.000000e+00,106,356
0.000000e+00,-1.041221e-07,1.124229e-07,2.834960e-07,0.000000e+00,0.000000e+00,0.000000e+00,0.000000e+00,0.000000e+00,0.000000e+00,0.000000e+00,107,356
0.000000e+00,7.814927e-08,1.339690e-07,2.883289e-07,0.000000e+00,0.000000e+00,0.000000e+00,0.000000e+00,0.000000e+00,0.000000e+00,0.000000e+00,108,356
0.000000e+00,2.453304e-07,1.077172e-07,4.296130e-07,0.000000e+00,0.000000e+00,0.000000e+00,0.000000e+00,0.000000e+00,0.000000e+00,0.000000e+00,109,356
0.000000e+00,-1.733574e-07,-1.238243e-07,2.026367e-07,0.000000e+00,0.000000e+00,0.000000e+00,0.000000e+00,0.000000e+00,0.000000e+00,0.000000e+00,110,356
0.000000e+00,-1.365142e-07,1.001531e-07,2.002366e-07,0.000000e+00,0.000000e+00,0.000000e+00,0.000000e+00,0.000000e+00,0.000000e+00,0.000000e+00,111,356
0.000000e+00,1.835614e-07,-2.926326e-08,5.916601e-07,0.000000e+00,0.000000e+00,0.000000e+00,0.000000e+00,0.000000e+00,0.000000e+00,0.000000e+00,112,356
0.000000e+00,-6.099960e-08,-1.472194e-07,3.707774e-07,0.000000e+00,0.000000e+00,0.000000e+00,0.000000e+00,0.000000e+00,0.000000e+00,0.000000e+00,113,356
0.000000e+00,2.544045e-07,5.090578e-08,3.770169e-07,0.000000e+00,0.000000e+00,0.000000e+00,0.000000e+00,0.000000e+00,0.000000e+00,0.000000e+00,114,356
0.000000e+00,-1.890442e-07,-1.776605e-07,4.449099e-07,0.000000e+00,0.000000e+00,0.000000e+00,0.000000e+00,0.000000e+00,0.000000e+00,0.000000e+00,115,356
0.000000e+00,4.279586e-08,-1.746035e-07,3.123458e-07,0.000000e+00,0.000000e+00,0.000000e+00,0.000000e+00,0.000000e+00,0.000000e+00,0.000000e+00,116,356
0.000000e+00,-1.636461e-07,1.636909e-07,2.416778e-07,0.000000e+00,0.000000e+00,0.000000e+00,0.000000e+00,0.000000e+00,0.000000e+00,0.000000e+00,117,356
0.000000e+00,1.647072e-07,3.037287e-08,4.336086e-07,0.000000e+00,0.000000e+00,0.000000e+00,0.000000e+00,0.000000e+00,0.000000e+00,0.000000e+00,118,356
0.000000e+00,5.071648e-08,-1.356234e-07,6.094669e-07,0.000000e+00,0.000000e+00,0.000000e+00,0.000000e+00,0.000000e+00,0.000000e+00,0.000000e+00,119,356
0.000000e+00,4.682810e-08,-2.083621e-08,5.164938e-07,0.000000e+00,0.000000e+00,0.000000e+00,0.000000e+00,0.000000e+00,0.000000e+00,0.000000e+00,120,356
0.000000e+00,-1.913569e-07,-5.567852e-08,2.370071e-07,0.000000e+00,0.000000e+00,0.000000e+00,0.000000e+00,0.000000e+00,0.000000e+00,0.000000e+00,121,356
0.000000e+00,-5.425113e-08,-2.693146e-07,4.065726e-07,0.000000e+00,0.000000e+00,0.000000e+00,0.000000e+00,0.000000e+00,0.000000e+00,0.000000e+00,122,356
0.000000e+00,2.215568e-07,9.939865e-08,2.830670e-07,0.000000e+00,0.000000e+00,0.000000e+00,0.000000e+00,0.000000e+00,0.000000e+00,0.000000e+00,123,356
0.000000e+00,5.488037e-09,1.120878e-07,6.526958e-07,0.000000e+00,0.000000e+00,0.000000e+00,0.000000e+00,0.000000e+00,0.000000e+00,0.000000e+00,124,356
0.000000e+00,1.498570e-07,6.951593e-08,4.699765e-07,0.000000e+00,0.000000e+00,0.000000e+00,0.000000e+00,0.000000e+00,0.000000e+00,0.000000e+00,125,356
0.000000e+00,2.610849e-07,-1.226990e-07,3.945800e-07,0.000000e+00,0.000000e+00,0.000000e+00,0.000000e+00,0.000000e+00,0.000000e+00,0.000000e+00,126,356
0.000000e+00,6.909708e-08,-1.314609e-07,2.605941e-07,0.000000e+00,0.000000e+00,0.000000e+00,0.000000e+00,0.000000e+00,0.000000e+00,0.000000e+00,127,356
0.000000e+00,1.823905e-08,2.086654e-07,2.906583e-07,0.000000e+00,0.000000e+00,0.000000e+00,0.000000e+00,0.000000e+00,0.000000e+00,0.000000e+00,128,356
0.000000e+00,2.033961e-07,-1.284300e-07,2.645590e-07,0.000000e+00,0.000000e+00,0.000000e+00,0.000000e+00,0.000000e+00,0.000000e+00,0.000000e+00,129,356
0.000000e+00,-9.196338e-08,-2.108468e-07,5.534853e-07,0.000000e+00,0.000000e+00,0.000000e+00,0.000000e+00,0.000000e+00,0.000000e+00,0.000000e+00,130,356
0.000000e+00,-1.037309e-07,-1.425110e-09,2.987893e-07,0.000000e+00,0.000000e+00,0.000000e+00,0.000000e+00,0.000000e+00,0.000000e+00,0.000000e+00,131,356
0.000000e+00,-3.331374e-09,-6.098566e-08,6.753140e-07,0.000000e+00,0.000000e+00,0.000000e+00,0.000000e+00,0.000000e+00,0.000000e+00,0.000000e+00,132,356
0.000000e+00,-2.545638e-07,7.379727e-08,5.069508e-07,0.000000e+00,0.000000e+00,0.000000e+00,0.000000e+00,0.000000e+00,0.000000e+00,0.000000e+00,133,356
0.000000e+00,1.004670e-07,-3.361107e-09,1.182242e-07,0.000000e+00,0.000000e+00,0.000000e+00,0.000000e+00,0.000000e+00,0.000000e+00,0.000000e+00,134,356
0.000000e+00,-7.328192e-08,-2.330922e-07,2.290896e-07,0.000000e+00,0.000000e+00,0.000000e+00,0.000000e+00,0.000000e+00,0.000000e+00,0.000000e+00,135,356
0.000000e+00,-1.285746e-07,-1.022901e-07,6.403898e-07,0.000000e+00,0.000000e+00,0.000000e+00,0.000000e+00,0.000000e+00,0.000000e+00,0.000000e+00,136,356
0.000000e+00,1.301548e-07,2.513854e-08,6.075865e-07,0.000000e+00,0.000000e+00,0.000000e+00,0.000000e+00,0.000000e+00,0.000000e+00,0.000000e+00,137,356
0.000000e+00,1.673182e-07,1.970962e-07,5.167675e-07,0.000000e+00,0.000000e+00,0.000000e+00,0.000000e+00,0.000000e+00,0.000000e+00,0.000000e+00,138,356
0.000000e+00,2.350674e-07,1.038625e-07,2.536073e-07,0.000000e+00,0.000000e+00,0.000000e+00,0.000000e+00,0.000000e+00,0.000000e+00,0.000000e+00,139,356
0.000000e+00,1.313309e-07,-2.212355e-07,5.165899e-07,0.000000e+00,0.000000e+00,0.000000e+00,0.000000e+00,0.000000e+00,0.000000e+00,0.000000e+00,140,356
0.000000e+00,1.120618e-07,-1.872408e-07,3.320712e-07,0.000000e+00,0.000000e+00,0.000000e+00,0.000000e+00,0.000000e+00,0.000000e+00,0.000000e+00,141,356
0.000000e+00,2.516659e-07,-1.446167e-07,4.180965e-07,0.000000e+00,0.000000e+00,0.000000e+00,0.000000e+00,0.000000e+00,0.000000e+00,0.000000e+00,142,356
0.000000e+00,1.346348e-07,9.809441e-08,1.911913e-07,0.000000e+00,0.000000e+00,0.000000e+00,0.000000e+00,0.000000e+00,0.000000e+00,0.000000e+00,143,356
0.000000e+00,-1.897538e-07,-6.436145e-08,1.919550e-07,0.000000e+00,0.000000e+00,0.000000e+00,0.000000e+00,0.000000e+00,0.000000e+00,0.000000e+00,144,356
0.000000e+00,1.055499e-07,-1.623989e-07,4.311260e-07,0.000000e+00,0.000000e+00,0.000000e+00,0.000000e+00,0.000000e+00,0.000000e+00,0.000000e+00,145,356
0.000000e+00,1.277425e-07,2.531724e-07,3.559821e-07,0.000000e+00,0.000000e+00,0.000000e+00,0.000000e+00,0.000000e+00,0.000000e+00,0.000000e+00,146,356
0.000000e+00,-1.797009e-08,1.023449e-07,2.907905e-07,0.000000e+00,0.000000e+00,0.000000e+00,0.000000e+00,0.000000e+00,0.000000e+00,0.000000e+00,147,356
0.000000e+00,2.120728e-08,2.847358e-07,4.445042e-07,0.000000e+00,0.000000e+00,0.000000e+00,0.000000e+00,0.000000e+00,0.000000e+00,0.000000e+00,148,356
0.000000e+00,-2.853911e-08,1.536613e-07,5.983603e-07,0.000000e+00,0.000000e+00,0.000000e+00,0.000000e+00,0.000000e+00,0.000000e+00,0.000000e+00,149,356
0.000000e+00,-2.326096e-08,-2.398685e-07,4.745442e-07,0.000000e+00,0.000000e+00,0.000000e+00,0.000000e+00,0.000000e+00,0.000000e+00,0.000000e+00,150,356
0.000000e+00,-1.529143e-07,1.602299e-07,4.704584e-07,0.000000e+00,0.000000e+00,0.000000e+00,0.000000e+00,0.000000e+00,0.000000e+00,0.000000e+00,151,356
0.000000e+00,-1.839400e-07,1.232293e-07,5.235490e-07,0.000000e+00,0.000000e+00,0.000000e+00,0.000000e+00,0.000000e+00,0.000000e+00,0.000000e+00,152,356
0.000000e+00,6.719064e-08,-7.854549e-08,3.766234e-07,0.000000e+00,0.000000e+00,0.000000e+00,0.000000e+00,0.000000e+00,0.000000e+00,0.000000e+00,153,356
0.000000e+00,-8.970221e-08,9.573477e-08,5.641847e-07,0.000000e+00,0.000000e+00,0.000000e+00,0.000000e+00,0.000000e+00,0.000000e+00,0.000000e+00,154,356
0.000000e+00,1.608802e-07,-6.403510e-08,4.123622e-07,0.000000e+00,0.000000e+00,0.000000e+00,0.000000e+00,0.000000e+00,0.000000e+00,0.000000e+00,155,356
0.000000e+00,1.910706e-07,-1.908964e-07,2.852655e-07,0.000000e+00,0.000000e+00,0.000000e+00,0.000000e+00,0.000000e+00,0.000000e+00,0.000000e+00,156,356
0.000000e+00,1.996171e-07,2.533911e-08,2.085674e-07,0.000000e+00,0.000000e+00,0.000000e+00,0.000000e+00,0.000000e+00,0.000000e+00,0.000000e+00,157,356
0.000000e+00,1.490715e-07,-2.884117e-09,4.857735e-07,0.000000e+00,0.000000e+00,0.000000e+00,0.000000e+00,0.000000e+00,0.000000e+00,0.000000e+00,158,356
0.000000e+00,1.281964e-07,-1.601497e-07,4.242798e-07,0.000000e+00,0.000000e+00,0.000000e+00,0.000000e+00,0.000000e+00,0.000000e+00,0.000000e+00,159,356
0.000000e+00,-6.288676e-08,2.850172e-07,4.073227e-07,0.000000e+00,0.000000e+00,0.000000e+00,0.000000e+00,0.000000e+00,0.000000e+00,0.000000e+00,160,356
0.000000e+00,1.606259e-08,2.336114e-07,4.336201e-07,0.000000e+00,0.000000e+00,0.000000e+00,0.000000e+00,0.000000e+00,0.000000e+00,0.000000e+00,161,356
0.000000e+00,2.215152e-07,1.511722e-07,4.208104e-07,0.000000e+00,0.000000e+00,0.000000e+00,0.000000e+00,0.000000e+00,0.000000e+00,0.000000e+00,162,356
0.000000e+00,3.079048e-08,9.476051e-09,2.343644e-07,0.000000e+00,0.000000e+00,0.000000e+00,0.000000e+00,0.000000e+00,0.000000e+00,0.000000e+00,163,356
0.000000e+00,1.004970e-07,1.518036e-07,4.332852e-07,0.000000e+00,0.000000e+00,0.000000e+00,0.000000e+00,0.000000e+00,0.000000e+00,0.000000e+00,164,356
0.000000e+00,9.675504e-08,-2.411410e-07,3.842792e-07,0.000000e+00,0.000000e+00,0.000000e+00,0.000000e+00,0.000000e+00,0.000000e+00,0.000000e+00,165,356
0.000000e+00,-8.378923e-08,-5.416732e-08,1.309146e-07,0.000000e+00,0.000000e+00,0.000000e+00,0.000000e+00,0.000000e+00,0.000000e+00,0.000000e+00,166,356
0.000000e+00,-1.198429e-07,-1.114390e-07,2.638453e-07,0.000000e+00,0.000000e+00,0.000000e+00,0.000000e+00,0.000000e+00,0.000000e+00,0.000000e+00,167,356
0.000000e+00,1.099724e-07,1.002885e-07,3.241064e-07,0.000000e+00,0.000000e+00,0.000000e+00,0.000000e+00,0.000000e+00,0.000000e+00,0.000000e+00,168,356
0.000000e+00,-2.300411e-07,-7.592519e-08,2.576009e-07,0.000000e+00,0.000000e+00,0.000000e+00,0.000000e+00,0.000000e+00,0.000000e+00,0.000000e+00,169,356
0.000000e+00,3.161424e-08,-2.794948e-07,4.221028e-07,0.000000e+00,0.000000e+00,0.000000e+00,0.000000e+00,0.000000e+00,0.000000e+00,0.000000e+00,170,356
0.000000e+00,-1.525678e-07,-6.413010e-08,3.098209e-07,0.000000e+00,0.000000e+00,0.000000e+00,0.000000e+00,0.000000e+00,0.000000e+00,0.000000e+00,171,356
0.000000e+00,-5.773189e-08,1.635700e-07,4.698410e-07,0.000000e+00,0.000000e+00,0.000000e+00,0.000000e+00,0.000000e+00,0.000000e+00,0.000000e+00,172,356
0.000000e+00,-2.477910e-08,2.148783e-07,2.591441e-07,0.000000e+00,0.000000e+00,0.000000e+00,0.000000e+00,0.000000e+00,0.000000e+00,0.000000e+00,173,356
0.000000e+00,-9.390008e-08,-1.576161e-07,5.082044e-07,0.000000e+00,0.000000e+00,0.000000e+00,0.000000e+00,0.000000e+00,0.000000e+00,0.000000e+00,174,356
0.000000e+00,-5.923110e-08,1.549897e-08,1.139197e-07,0.000000e+00,0.000000e+00,0.000000e+00,0.000000e+00,0.000000e+00,0.000000e+00,0.000000e+00,175,356
0.000000e+00,1.072058e-07,2.797918e-10,1.438282e-07,0.000000e+00,0.000000e+00,0.000000e+00,0.000000e+00,0.000000e+00,0.000000e+00,0.000000e+00,176,356
0.000000e+00,2.069503e-07,7.674939e-09,4.128633e-07,0.000000e+00,0.000000e+00,0.000000e+00,0.000000e+00,0.000000e+00,0.000000e+00,0.000000e+00,177,356
0.000000e+00,2.032443e-07,-1.068568e-07,4.205331e-07,0.000000e+00,0.000000e+00,0.000000e+00,0.000000e+00,0.000000e+00,0.000000e+00,0.000000e+00,178,356
0.000000e+00,-1.218558e-07,1.099506e-08,2.239573e-07,0.000000e+00,0.000000e+00,0.000000e+00,0.000000e+00,0.000000e+00,0.000000e+00,0.000000e+00,179,356
0.000000e+00,-2.715279e-08,-3.785518e-08,6.486185e-07,0.000000e+00,0.000000e+00,0.000000e+00,0.000000e+00,0.000000e+00,0.000000e+00,0.000000e+00,180,356
0.000000e+00,2.866519e-08,1.134934e-07,6.004173e-07,0.000000e+00,0.000000e+00,0.000000e+00,0.000000e+00,0.000000e+00,0.000000e+00,0.000000e+00,181,356
0.000000e+00,1.152258e-07,2.170103e-07,2.396427e-07,0.000000e+00,0.000000e+00,0.000000e+00,0.000000e+00,0.000000e+00,0.000000e+00,0.000000e+00,182,356
0.000000e+00,6.776559e-08,-1.068496e-07,2.111280e-07,0.000000e+00,0.000000e+00,0.000000e+00,0.000000e+00,0.000000e+00,0.000000e+00,0.000000e+00,183,356
0.000000e+00,-2.045947e-07,1.192160e-07,5.212964e-07,0.000000e+00,0.000000e+00,0.000000e+00,0.000000e+00,0.000000e+00,0.000000e+00,0.000000e+00,184,356
0.000000e+00,-1.133116e-07,-1.618423e-07,3.433925e-07,0.000000e+00,0.000000e+00,0.000000e+00,0.000000e+00,0.000000e+00,0.000000e+00,0.000000e+00,185,356
0.000000e+00,-1.260888e-07,4.367957e-08,3.709486e-07,0.000000e+00,0.000000e+00,0.000000e+00,0.000000e+00,0.000000e+00,0.000000e+00,0.000000e+00,186,356
0.000000e+00,-1.390791e-07,2.248385e-07,5.263778e-07,0.000000e+00,0.000000e+00,0.000000e+00,0.000000e+00,0.000000e+00,0.000000e+00,0.000000e+00,187,356
0.000000e+00,-5.850162e-08,-9.124254e-09,5.829616e-07,0.000000e+00,0.000000e+00,0.000000e+00,0.000000e+00,0.000000e+00,0.000000e+00,0.000000e+00,188,356
0.000000e+00,1.954987e-07,4.489061e-08,3.305558e-07,0.000000e+00,0.000000e+00,0.000000e+00,0.000000e+00,0.000000e+00,0.000000e+00,0.000000e+00,189,356
0.000000e+00,-3.430701e-08,1.292878e-07,5.081219e-07,0.000000e+00,0.000000e+00,0.000000e+00,0.000000e+00,0.000000e+00,0.000000e+00,0.000000e+00,190,356
0.000000e+00,1.253812e-07,-3.135217e-08,5.521159e-07,0.000000e+00,0.000000e+00,0.000000e+00,0.000000e+00,0.000000e+00,0.000000e+00,0.000000e+00,191,356
0.000000e+00,-2.512953e-08,-1.435919e-08,3.756456e-07,0.000000e+00,0.000000e+00,0.000000e+00,0.000000e+00,0.000000e+00,0.000000e+00,0.000000e+00,192,356
0.000000e+00,-3.244208e-08,-6.598355e-08,4.501887e-07,0.000000e+00,0.000000e+00,0.000000e+00,0.000000e+00,0.000000e+00,0.000000e+00,0.000000e+00,193,356
0.000000e+00,2.056056e-07,-8.101427e-08,3.868711e-07,0.000000e+00,0.000000e+00,0.000000e+00,0.000000e+00,0.000000e+00,0.000000e+00,0.000000e+00,194,356
0.000000e+00,-7.533076e-08,2.642108e-07,4.876995e-07,0.000000e+00,0.000000e+00,0.000000e+00,0.000000e+00,0.000000e+00,0.000000e+00,0.000000e+00,195,356
0.000000e+00,-1.156642e-07,-7.746223e-08,4.242170e-07,0.000000e+00,0.000000e+00,0.000000e+00,0.000000e+00,0.000000e+00,0.000000e+00,0.000000e+00,196,356
0.000000e+00,1.097056e-09,2.647550e-07,3.673563e-07,0.000000e+00,0.000000e+00,0.000000e+00,0.000000e+00,0.000000e+00,0.000000e+00,0.000000e+00,197,356
0.000000e+00,-5.687042e-08,7.448737e-08,6.009551e-07,0.000000e+00,0.000000e+00,0.000000e+00,0.000000e+00,0.000000e+00,0.000000e+00,0.000000e+00,198,356
0.000000e+00,3.726341e-08,-1.441226e-07,5.573689e-07,0.000000e+00,0.000000e+00,0.000000e+00,0.000000e+00,0.000000e+00,0.000000e+00,0.000000e+00,199,356
0.000000e+00,-2.214431e-07,-1.164596e-07,3.920813e-07,0.000000e+00,0.000000e+00,0.000000e+00,0.000000e+00,0.000000e+00,0.000000e+00,0.000000e+00,200,356
0.000000e+00,2.332670e-07,-1.696655e-07,3.685508e-07,0.000000e+00,0.000000e+00,0.000000e+00,0.000000e+00,0.000000e+00,0.000000e+00,0.000000e+00,201,356
0.000000e+00,-3.647374e-08,-7.634601e-08,1.419859e-07,0.000000e+00,0.000000e+00,0.000000e+00,0.000000e+00,0.000000e+00,0.000000e+00,0.000000e+00,202,356
0.000000e+00,-2.673439e-07,-1.370449e-08,3.963835e-07,0.000000e+00,0.000000e+00,0.000000e+00,0.000000e+00,0.000000e+00,0.000000e+00,0.000000e+00,203,356
0.000000e+00,2.263170e-07,-1.185716e-07,3.148098e-07,0.000000e+00,0.000000e+00,0.000000e+00,0.000000e+00,0.000000e+00,0.000000e+00,0.000000e+00,204,356
0.000000e+00,-6.118522e-08,2.480191e-07,3.854835e-07,0.000000e+00,0.000000e+00,0.000000e+00,0.000000e+00,0.000000e+00,0.000000e+00,0.000000e+00,205,356
0.000000e+00,8.284151e-09,-4.206076e-08,5.173539e-07,0.000000e+00,0.000000e+00,0.000000e+00,0.000000e+00,0.000000e+00,0.000000e+00,0.000000e+00,206,356
0.000000e+00,2.488375e-07,-1.570477e-07,3.984726e-07,0.000000e+00,0.000000e+00,0.000000e+00,0.000000e+00,0.000000e+00,0.000000e+00,0.000000e+00,207,356
0.000000e+00,1.446412e-07,-1.593924e-07,4.447665e-07,0.000000e+00,0.000000e+00,0.000000e+00,0.000000e+00,0.000000e+00,0.000000e+00,0.000000e+00,208,356
0.000000e+00,-1.994316e-08,-1.644917e-07,2.128643e-07,0.000000e+00,0.000000e+00,0.000000e+00,0.000000e+00,0.000000e+00,0.000000e+00,0.000000e+00,209,356
0.000000e+00,1.448845e-07,-8.592066e-08,1.785621e-07,0.000000e+00,0.000000e+00,0.000000e+00,0.000000e+00,0.000000e+00,0.000000e+00,0.000000e+00,210,356
0.000000e+00,-9.433625e-08,-1.970088e-07,4.638528e-07,0.000000e+00,0.000000e+00,0.000000e+00,0.000000e+00,0.000000e+00,0.000000e+00,0.000000e+00,211,356
0.000000e+00,3.043321e-08,4.782742e-08,1.080381e-07,0.000000e+00,0.000000e+00,0.000000e+00,0.000000e+00,0.000000e+00,0.000000e+00,0.000000e+00,212,356
0.000000e+00,2.228233e-08,1.662264e-07,5.984480e-07,0.000000e+00,0.000000e+00,0.000000e+00,0.000000e+00,0.000000e+00,0.000000e+00,0.000000e+00,213,356
0.000000e+00,2.018777e-07,-7.716057e-08,5.428724e-07,0.000000e+00,0.000000e+00,0.000000e+00,0.000000e+00,0.000000e+00,0.000000e+00,0.000000e+00,214,356
0.000000e+00,1.261277e-07,-1.579568e-07,4.058694e-07,0.000000e+00,0.000000e+00,0.000000e+00,0.000000e+00,0.000000e+00,0.000000e+00,0.000000e+00,215,356
0.000000e+00,1.763885e-07,-1.511740e-08,3.322332e-07,0.000000e+00,0.000000e+00,0.000000e+00,0.000000e+00,0.000000e+00,0.000000e+00,0.000000e+00,216,356
0.000000e+00,-1.638730e-07,1.116597e-07,2.476719e-07,0.000000e+00,0.000000e+00,0.000000e+00,0.000000e+00,0.000000e+00,0.000000e+00,0.000000e+00,217,356
0.000000e+00,3.581146e-08,7.404978e-08,2.069432e-07,0.000000e+00,0.000000e+00,0.000000e+00,0.000000e+00,0.000000e+00,0.000000e+00,0.000000e+00,218,356
0.000000e+00,-5.728616e-08,-1.891286e-07,4.392015e-07,0.000000e+00,0.000000e+00,0.000000e+00,0.000000e+00,0.000000e+00,0.000000e+00,0.000000e+00,219,356
0.000000e+00,-2.326765e-07,5.836829e-08,4.375678e-07,0.000000e+00,0.000000e+00,0.000000e+00,0.000000e+00,0.000000e+00,0.000000e+00,0.000000e+00,220,356
0.000000e+00,-1.319979e-07,1.733107e-07,2.253327e-07,0.000000e+00,0.000000e+00,0.000000e+00,0.000000e+00,0.000000e+00,0.000000e+00,0.000000e+00,221,356
0.000000e+00,-1.288258e-07,-2.117839e-07,4.604683e-07,0.000000e+00,0.000000e+00,0.000000e+00,0.000000e+00,0.000000e+00,0.000000e+00,0.000000e+00,222,356
0.000000e+00,1.208029e-07,-9.420200e-08,4.683208e-07,0.000000e+00,0.000000e+00,0.000000e+00,0.000000e+00,0.000000e+00,0.000000e+00,0.000000e+00,223,356
0.000000e+00,1.078290e-07,1.864825e-07,5.457490e-07,0.000000e+00,0.000000e+00,0.000000e+00,0.000000e+00,0.000000e+00,0.000000e+00,0.000000e+00,224,356
0.000000e+00,9.400412e-08,-2.091014e-07,3.150498e-07,0.000000e+00,0.000000e+00,0.000000e+00,0.000000e+00,0.000000e+00,0.000000e+00,0.000000e+00,225,356
0.000000e+00,1.830720e-07,6.817291e-08,3.953498e-07,0.000000e+00,0.000000e+00,0.000000e+00,0.000000e+00,0.000000e+00,0.000000e+00,0.000000e+00,226,356
0.000000e+00,-1.668993e-07,-2.414720e-07,3.820293e-07,0.000000e+00,0.000000e+00,0.000000e+00,0.000000e+00,0.000000e+00,0.000000e+00,0.000000e+00,227,356
0.000000e+00,-1.684381e-07,1.307837e-07,2.452150e-07,0.000000e+00,0.000000e+00,0.000000e+00,0.000000e+00,0.000000e+00,0.000000e+00,0.000000e+00,228,356
0.000000e+00,-8.718549e-08,2.165876e-07,3.541479e-07,0.000000e+00,0.000000e+00,0.000000e+00,0.000000e+00,0.000000e+00,0.000000e+00,0.000000e+00,229,356
0.000000e+00,1.850866e-07,-5.039699e-08,2.971463e-07,0.000000e+00,0.000000e+00,0.000000e+00,0.000000e+00,0.000000e+00,0.000000e+00,0.000000e+00,230,356
0.000000e+00,1.742795e-07,5.801614e-08,3.169763e-07,0.000000e+00,0.000000e+00,0.000000e+00,0.000000e+00,0.000000e+00,0.000000e+00,0.000000e+00,231,356
0.000000e+00,-2.013095e-08,-9.019534e-08,6.240684e-07,0.000000e+00,0.000000e+00,0.000000e+00,0.000000e+00,0.000000e+00,0.000000e+00,0.000000e+00,232,356
0.000000e+00,-1.618424e-07,-9.608857e-09,6.052550e-07,0.000000e+00,0.000000e+00,0.000000e+00,0.000000e+00,0.000000e+00,0.000000e+00,0.000000e+00,233,356
0.000000e+00,7.395869e-08,2.260860e-07,4.868074e-07,0.000000e+00,0.000000e+00,0.000000e+00,0.000000e+00,0.000000e+00,0.000000e+00,0.000000e+00,234,356
0.000000e+00,1.587108e-07,-1.148533e-07,3.835750e-07,0.000000e+00,0.000000e+00,0.000000e+00,0.000000e+00,0.000000e+00,0.000000e+00,0.000000e+00,235,356
0.000000e+00,-1.000724e-07,-8.013764e-08,5.348088e-07,0.000000e+00,0.000000e+00,0.000000e+00,0.000000e+00,0.000000e+00,0.000000e+00,0.000000e+00,236,356
0.000000e+00,-1.805354e-07,-2.379536e-08,6.043210e-07,0.000000e+00,0.000000e+00,0.000000e+00,0.000000e+00,0.000000e+00,0.000000e+00,0.000000e+00,237,356
0.000000e+00,-2.508774e-08,-1.774486e-07,1.742968e-07,0.000000e+00,0.000000e+00,0.000000e+00,0.000000e+00,0.000000e+00,0.000000e+00,0.000000e+00,238,356
0.000000e+00,-1.787419e-07,-1.817004e-08,1.823209e-07,0.000000e+00,0.000000e+00,0.000000e+00,0.000000e+00,0.000000e+00,0.000000e+00,0.000000e+00,239,356
0.000000e+00,2.271694e-07,6.822299e-09,4.175311e-07,0.000000e+00,0.000000e+00,0.000000e+00,0.000000e+00,0.000000e+00,0.000000e+00,0.000000e+00,240,356
0.000000e+00,1.116545e-08,-1.540588e-07,3.847201e-07,0.000000e+00,0.000000e+00,0.000000e+00,0.000000e+00,0.000000e+00,0.000000e+00,0.000000e+00,241,356
0.000000e+00,1.868921e-07,1.340902e-07,2.873884e-07,0.000000e+00,0.000000e+00,0.000000e+00,0.000000e+00,0.000000e+00,0.000000e+00,0.000000e+00,242,356
0.000000e+00,-5.891767e-08,6.705085e-08,4.444584e-07,0.000000e+00,0.000000e+00,0.000000e+00,0.000000e+00,0.000000e+00,0.000000e+00,0.000000e+00,243,356
0.000000e+00,-1.670035e-07,1.770087e-07,5.002914e-07,0.000000e+00,0.000000e+00,0.000000e+00,0.000000e+00,0.000000e+00,0.000000e+00,0.000000e+00,244,356
0.000000e+00,7.725610e-08,-4.064383e-08,4.952638e-07,0.000000e+00,0.000000e+00,0.000000e+00,0.000000e+00,0.000000e+00,0.000000e+00,0.000000e+00,245,356
0.000000e+00,-2.716947e-07,-9.361171e-08,3.627843e-07,0.000000e+00,0.000000e+00,0.000000e+00,0.000000e+00,0.000000e+00,0.000000e+00,0.000000e+00,246,356
0.000000e+00,1.459467e-08,1.413478e-07,4.752569e-07,0.000000e+00,0.000000e+00,0.000000e+00,0.000000e+00,0.000000e+00,0.000000e+00,0.000000e+00,247,356
0.000000e+00,1.795102e-07,2.432727e-08,5.819965e-07,0.000000e+00,0.000000e+00,0.000000e+00,0.000000e+00,0.000000e+00,0.000000e+00,0.000000e+00,248,356
0.000000e+00,-9.669756e-09,8.204083e-08,6.143315e-07,0.000000e+00,0.000000e+00,0.000000e+00,0.000000e+00,0.000000e+00,0.000000e+00,0.000000e+00,249,356
0.000000e+00,-1.049137e-09,1.828020e-07,3.131561e-07,0.000000e+00,0.000000e+00,0.000000e+00,0.000000e+00,0.000000e+00,0.000000e+00,0.000000e+00,250,356
0.000000e+00,-1.232663e-07,9.960821e-08,4.221861e-07,0.000000e+00,0.000000e+00,0.000000e+00,0.000000e+00,0.000000e+00,0.000000e+00,0.000000e+00,251,356
0.000000e+00,7.081246e-08,2.299279e-07,4.385827e-07,0.000000e+00,0.000000e+00,0.000000e+00,0.000000e+00,0.000000e+00,0.000000e+00,0.000000e+00,252,356
0.000000e+00,1.497991e-07,-1.898944e-08,2.384507e-07,0.000000e+00,0.000000e+00,0.000000e+00,0.000000e+00,0.000000e+00,0.000000e+00,0.000000e+00,253,356
0.000000e+00,1.899957e-07,-1.200905e-07,2.156713e-07,0.000000e+00,0.000000e+00,0.000000e+00,0.000000e+00,0.000000e+00,0.000000e+00,0.000000e+00,254,356
0.000000e+00,7.879874e-08,-1.769642e-07,1.801948e-07,0.000000e+00,0.000000e+00,0.000000e+00,0.000000e+00,0.000000e+00,0.000000e+00,0.000000e+00,255,356
0.000000e+00,-2.861773e-08,-3.049448e-08,1.964493e-07,0.000000e+00,0.000000e+00,0.000000e+00,0.000000e+00,0.000000e+00,0.000000e+00,0.000000e+00,256,356
0.000000e+00,-1.756076e-07,3.096993e-08,3.124498e-07,0.000000e+00,0.000000e+00,0.000000e+00,0.000000e+00,0.000000e+00,0.000000e+00,0.000000e+00,257,356
0.000000e+00,-8.215133e-08,-1.642386e-08,6.044731e-07,0.000000e+00,0.000000e+00,0.000000e+00,0.000000e+00,0.000000e+00,0.000000e+00,0.000000e+00,258,356
0.000000e+00,1.010715e-07,-1.596868e-07,2.184174e-07,0.000000e+00,0.000000e+00,0.000000e+00,0.000000e+00,0.000000e+00,0.000000e+00,0.000000e+00,259,356
0.000000e+00,3.469403e-08,-8.556614e-08,2.321443e-07,0.000000e+00,0.000000e+00,0.000000e+00,0.000000e+00,0.000000e+00,0.000000e+00,0.000000e+00,260,356
0.000000e+00,6.867346e-08,-1.027590e-07,1.509876e-07,0.000000e+00,0.000000e+00,0.000000e+00,0.000000e+00,0.000000e+00,0.000000e+00,0.000000e+00,261,356
0.000000e+00,-2.137070e-07,1.347377e-07,4.099218e-07,0.000000e+00,0.000000e+00,0.000000e+00,0.000000e+00,0.000000e+00,0.000000e+00,0.000000e+00,262,356
0.000000e+00,-2.360684e-07,-1.563954e-07,3.202381e-07,0.000000e+00,0.000000e+00,0.000000e+00,0.000000e+00,0.000000e+00,0.000000e+00,0.000000e+00,263,356
0.000000e+00,-6.981117e-08,-9.905694e-08,2.368502e-07,0.000000e+00,0.000000e+00,0.000000e+00,0.000000e+00,0.000000e+00,0.000000e+00,0.000000e+00,264,356
0.000000e+00,-2.283623e-07,1.047783e-07,4.467352e-07,0.000000e+00,0.000000e+00,0.000000e+00,0.000000e+00,0.000000e+00,0.000000e+00,0.000000e+00,265,356
0.000000e+00,1.274262e-07,2.564673e-07,3.510711e-07,0.000000e+00,0.000000e+00,0.000000e+00,0.000000e+00,0.000000e+00,0.000000e+00,0.000000e+00,266,356
0.000000e+00,2.896808e-08,1.100133e-07,6.233257e-07,0.000000e+00,0.000000e+00,0.000000e+00,0.000000e+00,0.000000e+00,0.000000e+00,0.000000e+00,267,356
0.000000e+00,-1.379055e-07,1.228230e-07,5.199362e-07,0.000000e+00,0.000000e+00,0.000000e+00,0.000000e+00,0.000000e+00,0.000000e+00,0.000000e+00,268,356
0.000000e+00,-1.265816e-07,-8.971109e-08,2.497913e-07,0.000000e+00,0.000000e+00,0.000000e+00,0.000000e+00,0.000000e+00,0.000000e+00,0.000000e+00,269,356
0.000000e+00,-3.990793e-08,-2.232312e-07,2.670774e-07,0.000000e+00,0.000000e+00,0.000000e+00,0.000000e+00,0.000000e+00,0.000000e+00,0.000000e+00,270,356
0.000000e+00,-1.615393e-07,-1.129884e-07,5.935939e-07,0.000000e+00,0.000000e+00,0.000000e+00,0.000000e+00,0.000000e+00,0.000000e+00,0.000000e+00,271,356
0.000000e+00,9.642218e-09,-2.286851e-07,3.693774e-07,0.000000e+00,0.000000e+00,0.000000e+00,0.000000e+00,0.000000e+00,0.000000e+00,0.000000e+00,272,356
0.000000e+00,-1.917426e-07,-6.642011e-08,3.754996e-07,0.000000e+00,0.000000e+00,0.000000e+00,0.000000e+00,0.000000e+00,0.000000e+00,0.000000e+00,273,356
0.000000e+00,1.505441e-07,2.255944e-07,2.799508e-07,0.000000e+00,0.000000e+00,0.000000e+00,0.000000e+00,0.000000e+00,0.000000e+00,0.000000e+00,274,356
0.000000e+00,1.627110e-08,1.748604e-07,4.134153e-07,0.000000e+00,0.000000e+00,0.000000e+00,0.000000e+00,0.000000e+00,0.000000e+00,0.000000e+00,275,356
0.000000e+00,1.159111e-08,1.245454e-08,6.605085e-07,0.000000e+00,0.000000e+00,0.000000e+00,0.000000e+00,0.000000e+00,0.000000e+00,0.000000e+00,276,356
0.000000e+00,-1.066971e-08,3.680746e-08,3.175026e-07,0.000000e+00,0.000000e+00,0.000000e+00,0.000000e+00,0.000000e+00,0.000000e+00,0.000000e+00,277,356
0.000000e+00,-2.839662e-08,-7.405105e-08,4.197221e-07,0.000000e+00,0.000000e+00,0.000000e+00,0.000000e+00,0.000000e+00,0.000000e+00,0.000000e+00,278,356
0.000000e+00,-5.122553e-09,-2.713591e-07,3.057992e-07,0.000000e+00,0.000000e+00,0.000000e+00,0.000000e+00,0.000000e+00,0.000000e+00,0.000000e+00,279,356
0.000000e+00,3.299285e-09,-1.039877e-07,2.543316e-07,0.000000e+00,0.000000e+00,0.000000e+00,0.000000e+00,0.000000e+00,0.000000e+00,0.000000e+00,280,356
0.000000e+00,2.238657e-08,1.896682e-07,2.311355e-07,0.000000e+00,0.000000e+00,0.000000e+00,0.000000e+00,0.000000e+00,0.000000e+00,0.000000e+00,281,356
0.000000e+00,-2.195891e-07,1.454786e-07,3.049948e-07,0.000000e+00,0.000000e+00,0.000000e+00,0.000000e+00,0.000000e+00,0.000000e+00,0.000000e+00,282,356
0.000000e+00,-2.204539e-09,-2.228737e-07,5.772358e-07,0.000000e+00,0.000000e+00,0.000000e+00,0.000000e+00,0.000000e+00,0.000000e+00,0.000000e+00,283,356
0.000000e+00,2.182394e-07,-1.424976e-07,3.029443e-07,0.000000e+00,0.000000e+00,0.000000e+00,0.000000e+00,0.000000e+00,0.000000e+00,0.000000e+00,284,356
0.000000e+00,2.235690e-08,-2.478436e-07,3.065920e-07,0.000000e+00,0.000000e+00,0.000000e+00,0.000000e+00,0.000000e+00,0.000000e+00,0.000000e+00,285,356
0.000000e+00,-1.459312e-07,1.091402e-07,2.124060e-07,0.000000e+00,0.000000e+00,0.000000e+00,0.000000e+00,0.000000e+00,0.000000e+00,0.000000e+00,286,356
0.000000e+00,-1.522458e-07,-1.121325e-07,4.741511e-07,0.000000e+00,0.000000e+00,0.000000e+00,0.000000e+00,0.000000e+00,0.000000e+00,0.000000e+00,287,356
0.000000e+00,-2.913192e-07,2.440209e-08,4.155593e-07,0.000000e+00,0.000000e+00,0.000000e+00,0.000000e+00,0.000000e+00,0.000000e+00,0.000000e+00,288,356
0.000000e+00,-4.688166e-09,1.735364e-07,4.754003e-07,0.000000e+00,0.000000e+00,0.000000e+00,0.000000e+00,0.000000e+00,0.000000e+00,0.000000e+00,289,356
0.000000e+00,8.726749e-08,-1.043215e-07,2.445932e-07,0.000000e+00,0.000000e+00,0.000000e+00,0.000000e+00,0.000000e+00,0.000000e+00,0.000000e+00,290,356
0.000000e+00,1.683377e-07,-1.720030e-07,3.545120e-07,0.000000e+00,0.000000e+00,0.000000e+00,0.000000e+00,0.000000e+00,0.000000e+00,0.000000e+00,291,356
0.000000e+00,1.489496e-07,-2.030807e-08,6.092163e-07,0.000000e+00,0.000000e+00,0.000000e+00,0.000000e+00,0.000000e+00,0.000000e+00,0.000000e+00,292,356
0.000000e+00,3.300825e-08,3.319867e-08,1.820251e-07,0.000000e+00,0.000000e+00,0.000000e+00,0.000000e+00,0.000000e+00,0.000000e+00,0.000000e+00,293,356
0.000000e+00,5.832348e-08,2.440167e-07,4.273082e-07,0.000000e+00,0.000000e+00,0.000000e+00,0.000000e+00,0.000000e+00,0.000000e+00,0.000000e+00,294,356
0.000000e+00,-4.377295e-08,1.519143e-07,2.883507e-07,0.000000e+00,0.000000e+00,0.000000e+00,0.000000e+00,0.000000e+00,0.000000e+00,0.000000e+00,295,356
0.000000e+00,-2.259286e-08,2.458336e-07,3.660303e-07,0.000000e+00,0.000000e+00,0.000000e+00,0.000000e+00,0.000000e+00,0.000000e+00,0.000000e+00,296,356
0.000000e+00,-3.231848e-09,1.660064e-07,5.049797e-07,0.000000e+00,0.000000e+00,0.000000e+00,0.000000e+00,0.000000e+00,0.000000e+00,0.000000e+00,297,356
0.000000e+00,2.116723e-08,-5.030501e-08,4.006701e-07,0.000000e+00,0.000000e+00,0.000000e+00,0.000000e+00,0.000000e+00,0.000000e+00,0.000000e+00,298,356
0.000000e+00,-1.504240e-07,-1.269593e-07,4.126467e-07,0.000000e+00,0.000000e+00,0.000000e+00,0.000000e+00,0.000000e+00,0.000000e+00,0.000000e+00,299,356
0.000000e+00,-2.014393e-07,5.579672e-08,5.501204e-07,0.000000e+00,0.000000e+00,0.000000e+00,0.000000e+00,0.000000e+00,0.000000e+00,0.000000e+00,300,356
0.000000e+00,-8.777077e-08,-5.728527e-08,6.144172e-07,0.000000e+00,0.000000e+00,0.000000e+00,0.000000e+00,0.000000e+00,0.000000e+00,0.000000e+00,301,356
0.000000e+00,-3.844692e-08,3.233399e-08,2.048063e-07,0.000000e+00,0.000000e+00,0.000000e+00,0.000000e+00,0.000000e+00,0.000000e+00,0.000000e+00,302,356
0.000000e+00,-1.169296e-07,-1.229689e-07,4.667152e-07,0.000000e+00,0.000000e+00,0.000000e+00,0.000000e+00,0.000000e+00,0.000000e+00,0.000000e+00,303,356
0.000000e+00,1.117612e-07,-2.600226e-07,4.038254e-07,0.000000e+00,0.000000e+00,0.000000e+00,0.000000e+00,0.000000e+00,0.000000e+00,0.000000e+00,304,356
0.000000e+00,-1.049351e-07,-1.908263e-07,5.371775e-07,0.000000e+00,0.000000e+00,0.000000e+00,0.000000e+00,0.000000e+00,0.000000e+00,0.000000e+00,305,356
0.000000e+00,-3.696633e-08,-1.516522e-07,5.913874e-07,0.000000e+00,0.000000e+00,0.000000e+00,0.000000e+00,0.000000e+00,0.000000e+00,0.000000e+00,306,356
0.000000e+00,3.196157e-09,-2.398617e-07,5.566488e-07,0.000000e+00,0.000000e+00,0.000000e+00,0.000000e+00,0.000000e+00,0.000000e+00,0.000000e+00,307,356
0.000000e+00,1.220491e-07,1.424338e-08,4.241148e-07,0.000000e+00,0.000000e+00,0.000000e+00,0.000000e+00,0.000000e+00,0.000000e+00,0.000000e+00,308,356
0.000000e+00,-5.718926e-08,2.344964e-07,3.376845e-07,0.000000e+00,0.000000e+00,0.000000e+00,0.000000e+00,0.000000e+00,0.000000e+00,0.000000e+00,309,356
0.000000e+00,-1.502861e-07,-1.125449e-07,3.486527e-07,0.000000e+00,0.000000e+00,0.000000e+00,0.000000e+00,0.000000e+00,0.000000e+00,0.000000e+00,310,356
0.000000e+00,-2.669003e-08,-1.442427e-07,3.689214e-07,0.000000e+00,0.000000e+00,0.000000e+00,0.000000e+00,0.000000e+00,0.000000e+00,0.000000e+00,311,356
0.000000e+00,-8.430184e-08,-9.418500e-08,6.040737e-07,0.000000e+00,0.000000e+00,0.000000e+00,0.000000e+00,0.000000e+00,0.000000e+00,0.000000e+00,312,356
0.000000e+00,1.524777e-09,-1.581044e-08,3.174743e-07,0.000000e+00,0.000000e+00,0.000000e+00,0.000000e+00,0.000000e+00,0.000000e+00,0.000000e+00,313,356
0.000000e+00,-2.247118e-07,-8.861525e-08,3.432389e-07,0.000000e+00,0.000000e+00,0.000000e+00,0.000000e+00,0.000000e+00,0.000000e+00,0.000000e+00,314,356
0.000000e+00,1.542262e-07,3.938623e-08,4.603319e-07,0.000000e+00,0.000000e+00,0.000000e+00,0.000000e+00,0.000000e+00,0.000000e+00,0.000000e+00,315,356
0.000000e+00,-1.879745e-07,9.386225e-08,4.078538e-07,0.000000e+00,0.000000e+00,0.000000e+00,0.000000e+00,0.000000e+00,0.000000e+00,0.000000e+00,316,356
0.000000e+00,1.121228e-07,1.059939e-07,2.925608e-07,0.000000e+00,0.000000e+00,0.000000e+00,0.000000e+00,0.000000e+00,0.000000e+00,0.000000e+00,317,356
0.000000e+00,-2.355793e-08,-3.151846e-08,5.463440e-07,0.000000e+00,0.000000e+00,0.000000e+00,0.000000e+00,0.000000e+00,0.000000e+00,0.000000e+00,318,356
0.000000e+00,-5.301339e-08,1.692224e-07,5.704654e-07,0.000000e+00,0.000000e+00,0.000000e+00,0.000000e+00,0.000000e+00,0.000000e+00,0.000000e+00,319,356
0.000000e+00,-3.131992e-09,5.932205e-08,2.887166e-07,0.000000e+00,0.000000e+00,0.000000e+00,0.000000e+00,0.000000e+00,0.000000e+00,0.000000e+00,320,356
0.000000e+00,1.894365e-07,1.985150e-07,4.019424e-07,0.000000e+00,0.000000e+00,0.000000e+00,0.000000e+00,0.000000e+00,0.000000e+00,0.000000e+00,321,356
0.000000e+00,-1.833152e-07,-5.914775e-09,2.694058e-07,0.000000e+00,0.000000e+00,0.000000e+00,0.000000e+00,0.000000e+00,0.000000e+00,0.000000e+00,322,356
0.000000e+00,1.566367e-07,2.304680e-07,3.706710e-07,0.000000e+00,0.000000e+00,0.000000e+00,0.000000e+00,0.000000e+00,0.000000e+00,0.000000e+00,323,356
0.000000e+00,1.734988e-07,2.088857e-07,4.502096e-07,0.000000e+00,0.000000e+00,0.000000e+00,0.000000e+00,0.000000e+00,0.000000e+00,0.000000e+00,324,356
0.000000e+00,-1.912712e-07,-4.858622e-08,4.301800e-07,0.000000e+00,0.000000e+00,0.000000e+00,0.000000e+00,0.000000e+00,0.000000e+00,0.000000e+00,325,356
0.000000e+00,1.587002e-07,-9.646775e-08,3.162477e-07,0.000000e+00,0.000000e+00,0.000000e+00,0.000000e+00,0.000000e+00,0.000000e+00,0.000000e+00,326,356
0.000000e+00,-1.131249e-07,2.330238e-07,4.826771e-07,0.000000e+00,0.000000e+00,0.000000e+00,0.000000e+00,0.000000e+00,0.000000e+00,0.000000e+00,327,356
0.000000e+00,4.657417e-08,-2.917719e-07,3.979761e-07,0.000000e+00,0.000000e+00,0.000000e+00,0.000000e+00,0.000000e+00,0.000000e+00,0.000000e+00,328,356
0.000000e+00,-4.941006e-08,1.475621e-07,2.211829e-07,0.000000e+00,0.000000e+00,0.000000e+00,0.000000e+00,0.000000e+00,0.000000e+00,0.000000e+00,329,356
0.000000e+00,1.946787e-07,1.063134e-07,5.349401e-07,0.000000e+00,0.000000e+00,0.000000e+00,0.000000e+00,0.000000e+00,0.000000e+00,0.000000e+00,330,356
0.000000e+00,-9.757366e-08,1.065687e-07,2.208207e-07,0.000000e+00,0.000000e+00,0.000000e+00,0.000000e+00,0.000000e+00,0.000000e+00,0.000000e+00,331,356
0.000000e+00,-1.181745e-07,2.226943e-07,4.603126e-07,0.000000e+00,0.000000e+00,0.000000e+00,0.000000e+00,0.000000e+00,0.000000e+00,0.000000e+00,332,356
0.000000e+00,-2.510205e-07,1.300044e-07,4.131249e-07,0.000000e+00,0.000000e+00,0.000000e+00,0.000000e+00,0.000000e+00,0.000000e+00,0.000000e+00,333,356
0.000000e+00,2.283412e-07,4.585510e-08,3.371228e-07,0.000000e+00,0.000000e+00,0.000000e+00,0.000000e+00,0.000000e+00,0.000000e+00,0.000000e+00,334,356
0.000000e+00,2.442048e-07,1.643651e-07,4.151223e-07,0.000000e+00,0.000000e+00,0.000000e+00,0.000000e+00,0.000000e+00,0.000000e+00,0.000000e+00,335,356
0.000000e+00,9.220234e-08,1.199150e-07,5.744077e-07,0.000000e+00,0.000000e+00,0.000000e+00,0.000000e+00,0.000000e+00,0.000000e+00,0.000000e+00,336,356
0.000000e+00,-5.584974e-08,2.580181e-07,3.997047e-07,0.000000e+00,0.000000e+00,0.000000e+00,0.000000e+00,0.000000e+00,0.000000e+00,0.000000e+00,337,356
0.000000e+00,3.318182e-08,1.064462e-07,3.077370e-07,0.000000e+00,0.000000e+00,0.000000e+00,0.000000e+00,0.000000e+00,0.000000e+00,0.000000e+00,338,356
0.000000e+00,1.660833e-07,5.912174e-08,1.856983e-07,0.000000e+00,0.000000e+00,0.000000e+00,0.000000e+00,0.000000e+00,0.000000e+00,0.000000e+00,339,356
0.000000e+00,9.723714e-09,1.928851e-07,5.348575e-07,0.000000e+00,0.000000e+00,0.000000e+00,0.000000e+00,0.000000e+00,0.000000e+00,0.000000e+00,340,356
0.000000e+00,1.122116e-07,-1.895278e-07,3.605933e-07,0.000000e+00,0.000000e+00,0.000000e+00,0.000000e+00,0.000000e+00,0.000000e+00,0.000000e+00,341,356
0.000000e+00,7.672353e-08,-2.310728e-07,5.048973e-07,0.000000e+00,0.000000e+00,0.000000e+00,0.000000e+00,0.000000e+00,0.000000e+00,0.000000e+00,342,356
0.000000e+00,2.464075e-07,5.103775e-09,2.366514e-07,0.000000e+00,0.000000e+00,0.000000e+00,0.000000e+00,0.000000e+00,0.000000e+00,0.000000e+00,343,356
0.000000e+00,-2.366215e-07,1.429256e-07,4.194357e-07,0.000000e+00,0.000000e+00,0.000000e+00,0.000000e+00,0.000000e+00,0.000000e+00,0.000000e+00,344,356
0.000000e+00,-1.757942e-07,-8.654755e-08,3.072595e-07,0.000000e+00,0.000000e+00,0.000000e+00,0.000000e+00,0.000000e+00,0.000000e+00,0.000000e+00,345,356
0.000000e+00,-8.762994e-08,-1.421218e-07,4.700034e-07,0.000000e+00,0.000000e+00,0.000000e+00,0.000000e+00,0.000000e+00,0.000000e+00,0.000000e+00,346,356
0.000000e+00,-1.310376e-07,1.650044e-07,2.817563e-07,0.000000e+00,0.000000e+00,0.000000e+00,0.000000e+00,0.000000e+00,0.000000e+00,0.000000e+00,347,356
0.000000e+00,1.942218e-07,-5.612022e-08,3.475638e-07,0.000000e+00,0.000000e+00,0.000000e+00,0.000000e+00,0.000000e+00,0.000000e+00,0.000000e+00,348,356
0.000000e+00,-1.207700e-09,-6.238039e-10,1.268798e-07,0.000000e+00,0.000000e+00,0.000000e+00,0.000000e+00,0.000000e+00,0.000000e+00,0.000000e+00,349,356
0.000000e+00,2.362341e-07,1.284415e-07,3.337782e-07,0.000000e+00,0.000000e+00,0.000000e+00,0.000000e+00,0.000000e+00,0.000000e+00,0.000000e+00,350,356
0.000000e+00,4.913934e-08,1.986563e-07,3.673889e-07,0.000000e+00,0.000000e+00,0.000000e+00,0.000000e+00,0.000000e+00,0.000000e+00,0.000000e+00,351,356
0.000000e+00,-5.110772e-08,4.392634e-08,5.290041e-07,0.000000e+00,0.000000e+00,0.000000e+00,0.000000e+00,0.000000e+00,0.000000e+00,0.000000e+00,352,356
0.000000e+00,-1.252300e-07,1.973602e-07,2.764830e-07,0.000000e+00,0.000000e+00,0.000000e+00,0.000000e+00,0.000000e+00,0.000000e+00,0.000000e+00,353,356
0.000000e+00,-2.437348e-07,-3.378586e-08,2.406493e-07,0.000000e+00,0.000000e+00,0.000000e+00,0.000000e+00,0.000000e+00,0.000000e+00,0.000000e+00,354,356
0.000000e+00,-1.691435e-07,-1.683622e-07,5.105317e-07,0.000000e+00,0.000000e+00,0.000000e+00,0.000000e+00,0.000000e+00,0.000000e+00,0.000000e+00,355,356
0.000000e+00,9.802941e-08,1.784085e-07,5.177643e-07,0.000000e+00,0.000000e+00,0.000000e+00,0.000000e+00,0.000000e+00,0.000000e+00,0.000000e+00,356,356
0.000000e+00,1.607189e-07,-1.097942e-07,3.553421e-07,0.000000e+00,0.000000e+00,0.000000e+00,0.000000e+00,0.000000e+00,0.000000e+00,0.000000e+00,357,356
0.000000e+00,-1.168445e-07,1.664347e-07,2.091669e-07,0.000000e+00,0.000000e+00,0.000000e+00,0.000000e+00,0.000000e+00,0.000000e+00,0.000000e+00,358,356
0.000000e+00,1.686615e-07,-7.195053e-09,5.228805e-07,0.000000e+00,0.000000e+00,0.000000e+00,0.000000e+00,0.000000e+00,0.000000e+00,0.000000e+00,359,356
0.000000e+00,1.520541e-07,-1.142404e-07,2.348973e-07,0.000000e+00,0.000000e+00,0.000000e+00,0.000000e+00,0.000000e+00,0.000000e+00,0.000000e+00,360,356
0.000000e+00,-1.745718e-07,-9.316771e-08,2.796460e-07,0.000000e+00,0.000000e+00,0.000000e+00,0.000000e+00,0.000000e+00,0.000000e+00,0.000000e+00,361,356
0.000000e+00,-2.046212e-08,-5.856803e-08,3.148188e-07,0.000000e+00,0.000000e+00,0.000000e+00,0.000000e+00,0.000000e+00,0.000000e+00,0.000000e+00,362,356
0.000000e+00,-2.051957e-07,1.647455e-07,3.012826e-07,0.000000e+00,0.000000e+00,0.000000e+00,0.000000e+00,0.000000e+00,0.000000e+00,0.000000e+00,363,356
0.000000e+00,-6.430651e-08,1.100919e-07,1.746995e-07,0.000000e+00,0.000000e+00,0.000000e+00,0.000000e+00,0.000000e+00,0.000000e+00,0.000000e+00,364,356
0.000000e+00,-1.218950e-07,-1.083011e-08,3.226298e-07,0.000000e+00,0.000000e+00,0.000000e+00,0.000000e+00,0.000000e+00,0.000000e+00,0.000000e+00,365,356
0.000000e+00,-9.210063e-08,-8.329839e-08,3.566022e-07,0.000000e+00,0.000000e+00,0.000000e+00,0.000000e+00,0.000000e+00,0.000000e+00,0.000000e+00,366,356
0.000000e+00,1.925604e-07,-6.889890e-08,4.850052e-07,0.000000e+00,0.000000e+00,0.000000e+00,0.000000e+00,0.000000e+00,0.000000e+00,0.000000e+00,367,356
0.000000e+00,1.740632e-08,4.483355e-08,6.198570e-07,0.000000e+00,0.000000e+00,0.000000e+00,0.000000e+00,0.000000e+00,0.000000e+00,0.000000e+00,368,356
0.000000e+00,4.127628e-08,2.624365e-07,4.782453e-07,0.000000e+00,0.000000e+00,0.000000e+00,0.000000e+00,0.000000e+00,0.000000e+00,0.000000e+00,369,356
0.000000e+00,-2.471016e-08,2.389549e-08,6.534596e-07,0.000000e+00,0.000000e+00,0.000000e+00,0.000000e+00,0.000000e+00,0.000000e+00,0.000000e+00,370,356
0.000000e+00,-3.882943e-08,1.509709e-07,3.653279e-07,0.000000e+00,0.000000e+00,0.000000e+00,0.000000e+00,0.000000e+00,0.000000e+00,0.000000e+00,371,356
0.000000e+00,1.220379e-07,1.803470e-07,3.375128e-07,0.000000e+00,0.000000e+00,0.000000e+00,0.000000e+00,0.000000e+00,0.000000e+00,0.000000e+00,372,356
0.000000e+00,8.467280e-08,2.501850e-07,5.122609e-07,0.000000e+00,0.000000e+00,0.000000e+00,0.000000e+00,0.000000e+00,0.000000e+00,0.000000e+00,373,356
0.000000e+00,2.702380e-08,-8.413207e-08,1.925795e-07,0.000000e+00,0.000000e+00,0.000000e+00,0.000000e+00,0.000000e+00,0.000000e+00,0.000000e+00,374,356
0.000000e+00,-2.300788e-07,3.422655e-08,4.073683e-07,0.000000e+00,0.000000e+00,0.000000e+00,0.000000e+00,0.000000e+00,0.000000e+00,0.000000e+00,375,356
0.000000e+00,2.327332e-07,-1.216869e-07,4.314725e-07,0.000000e+00,0.000000e+00,0.000000e+00,0.000000e+00,0.000000e+00,0.000000e+00,0.000000e+00,376,356
0.000000e+00,8.862885e-08,-2.171430e-07,3.736858e-07,0.000000e+00,0.000000e+00,0.000000e+00,0.000000e+00,0.000000e+00,0.000000e+00,0.000000e+00,377,356
0.000000e+00,-3.816440e-08,-1.850766e-08,3.376008e-07,0.000000e+00,0.000000e+00,0.000000e+00,0.000000e+00,0.000000e+00,0.000000e+00,0.000000e+00,378,356
0.000000e+00,1.389095e-07,7.891603e-08,4.365324e-07,0.000000e+00,0.000000e+00,0.000000e+00,0.000000e+00,0.000000e+00,0.000000e+00,0.000000e+00,379,356
0.000000e+00,-4.206601e-09,-1.602539e-07,4.201200e-07,0.000000e+00,0.000000e+00,0.000000e+00,0.000000e+00,0.000000e+00,0.000000e+00,0.000000e+00,380,356
0.000000e+00,3.627073e-08,-2.188367e-07,2.263518e-07,0.000000e+00,0.000000e+00,0.000000e+00,0.000000e+00,0.000000e+00,0.000000e+00,0.000000e+00,381,356
0.000000e+00,8.247190e-08,1.595436e-09,3.070655e-07,0.000000e+00,0.000000e+00,0.000000e+00,0.000000e+00,0.000000e+00,0.000000e+00,0.000000e+00,382,356
0.000000e+00,-1.730207e-07,1.540572e-08,1.966938e-07,0.000000e+00,0.000000e+00,0.000000e+00,0.000000e+00,0.000000e+00,0.000000e+00,0.000000e+00,383,356
0.000000e+00,-1.546868e-08,-1.209210e-07,1.299662e-07,0.000000e+00,0.000000e+00,0.000000e+00,0.000000e+00,0.000000e+00,0.000000e+00,0.000000e+00,384,356
0.000000e+00,-1.750795e-07,-1.237208e-07,3.708322e-07,0.000000e+00,0.000000e+00,0.000000e+00,0.000000e+00,0.000000e+00,0.000000e+00,0.000000e+00,385,356
0.000000e+00,1.427008e-07,-2.432355e-07,4.320597e-07,0.000000e+00,0.000000e+00,0.000000e+00,0.000000e+00,0.000000e+00,0.000000e+00,0.000000e+00,386,356
0.000000e+00,8.543207e-08,-1.319649e-07,5.186176e-07,0.000000e+00,0.000000e+00,0.000000e+00,0.000000e+00,0.000000e+00,0.000000e+00,0.000000e+00,387,356
0.000000e+00,-2.057144e-07,-2.349533e-08,2.037918e-07,0.000000e+00,0.000000e+00,0.000000e+00,0.000000e+00,0.000000e+00,0.000000e+00,0.000000e+00,388,356
0.000000e+00,-1.747492e-07,4.000649e-10,4.986600e-07,0.000000e+00,0.000000e+00,0.000000e+00,0.000000e+00,0.000000e+00,0.000000e+00,0.000000e+00,389,356
0.000000e+00,2.710819e-07,2.913026e-08,4.669923e-07,0.000000e+00,0.000000e+00,0.000000e+00,0.000000e+00,0.000000e+00,0.000000e+00,0.000000e+00,390,356
0.000000e+00,-2.609471e-07,-6.960677e-08,3.933056e-07,0.000000e+00,0.000000e+00,0.000000e+00,0.000000e+00,0.000000e+00,0.000000e+00,0.000000e+00,391,356
0.000000e+00,7.794681e-08,-7.894865e-08,1.595368e-07,0.000000e+00,0.000000e+00,0.000000e+00,0.000000e+00,0.000000e+00,0.000000e+00,0.000000e+00,392,356
0.000000e+00,7.523208e-08,2.070485e-07,5.226261e-07,0.000000e+00,0.000000e+00,0.000000e+00,0.000000e+00,0.000000e+00,0.000000e+00,0.000000e+00,393,356
0.000000e+00,4.737504e-08,2.695758e-08,3.833962e-07,0.000000e+00,0.000000e+00,0.000000e+00,0.000000e+00,0.000000e+00,0.000000e+00,0.000000e+00,394,356
0.000000e+00,-9.056731e-08,5.797575e-08,3.805561e-07,0.000000e+00,0.000000e+00,0.000000e+00,0.000000e+00,0.000000e+00,0.000000e+00,0.000000e+00,395,356
0.000000e+00,1.758614e-07,-1.375654e-07,2.968984e-07,0.000000e+00,0.000000e+00,0.000000e+00,0.000000e+00,0.000000e+00,0.000000e+00,0.000000e+00,396,356
0.000000e+00,1.676953e-07,-9.746019e-08,5.590722e-07,0.000000e+00,0.000000e+00,0.000000e+00,0.000000e+00,0.000000e+00,0.000000e+00,0.000000e+00,397,356
0.000000e+00,-1.083384e-07,6.581450e-08,4.534079e-07,0.000000e+00,0.000000e+00,0.000000e+00,0.000000e+00,0.000000e+00,0.000000e+00,0.000000e+00,398,356
0.000000e+00,7.388489e-08,-2.051184e-08,1.246830e-07,0.000000e+00,0.000000e+00,0.000000e+00,0.000000e+00,0.000000e+00,0.000000e+00,0.000000e+00,399,356
0.000000e+00,-6.396428e-08,-1.840789e-07,3.865267e-07,0.000000e+00,0.000000e+00,0.000000e+00,0.000000e+00,0.000000e+00,0.000000e+00,0.000000e+00,400,356
0.000000e+00,2.082977e-07,-1.294418e-07,5.172482e-07,0.000000e+00,0.000000e+00,0.000000e+00,0.000000e+00,0.000000e+00,0.000000e+00,0.000000e+00,401,356
0.000000e+00,-4.212301e-08,-1.316330e-07,3.600878e-07,0.000000e+00,0.000000e+00,0.000000e+00,0.000000e+00,0.000000e+00,0.000000e+00,0.000000e+00,402,356
0.000000e+00,1.664659e-07,7.852781e-08,2.931579e-07,0.000000e+00,0.000000e+00,0.000000e+00,0.000000e+00,0.000000e+00,0.000000e+00,0.000000e+00,403,356
0.000000e+00,4.747819e-08,-9.384299e-08,2.199747e-07,0.000000e+00,0.000000e+00,0.000000e+00,0.000000e+00,0.000000e+00,0.000000e+00,0.000000e+00,404,356
0.000000e+00,3.575834e-08,-5.904031e-08,2.737934e-07,0.000000e+00,0.000000e+00,0.000000e+00,0.000000e+00,0.000000e+00,0.000000e+00,0.000000e+00,405,356
0.000000e+00,-2.002511e-07,-3.884665e-08,2.825454e-07,0.000000e+00,0.000000e+00,0.000000e+00,0.000000e+00,0.000000e+00,0.000000e+00,0.000000e+00,406,356
0.000000e+00,-1.933354e-07,1.332202e-07,2.723384e-07,0.000000e+00,0.000000e+00,0.000000e+00,0.000000e+00,0.000000e+00,0.000000e+00,0.000000e+00,407,356
0.000000e+00,1.055122e-07,6.527918e-08,4.831191e-07,0.000000e+00,0.000000e+00,0.000000e+00,0.000000e+00,0.000000e+00,0.000000e+00,0.000000e+00,408,356
0.000000e+00,-7.452938e-08,2.578868e-08,4.754852e-07,0.000000e+00,0.000000e+00,0.000000e+00,0.000000e+00,0.000000e+00,0.000000e+00,0.000000e+00,409,356
0.000000e+00,1.717887e-07,1.534109e-07,3.843539e-07,0.000000e+00,0.000000e+00,0.000000e+00,0.000000e+00,0.000000e+00,0.000000e+00,0.000000e+00,410,356
0.000000e+00,6.790901e-08,2.011243e-07,2.256669e-07,0.000000e+00,0.000000e+00,0.000000e+00,0.000000e+00,0.000000e+00,0.000000e+00,0.000000e+00,411,356
0.000000e+00,-2.516665e-08,8.079793e-09,6.002140e-07,0.000000e+00,0.000000e+00,0.000000e+00,0.000000e+00,0.000000e+00,0.000000e+00,0.000000e+00,412,356
0.000000e+00,1.433662e-07,2.869770e-08,6.441335e-07,0.000000e+00,0.000000e+00,0.000000e+00,0.000000e+00,0.000000e+00,0.000000e+00,0.000000e+00,413,356
0.000000e+00,-3.845351e-08,-1.421492e-07,4.365224e-07,0.000000e+00,0.000000e+00,0.000000e+00,0.000000e+00,0.000000e+00,0.000000e+00,0.000000e+00,414,356
0.000000e+00,-5.521484e-08,7.090163e-09,6.554367e-07,0.000000e+00,0.000000e+00,0.000000e+00,0.000000e+00,0.000000e+00,0.000000e+00,0.000000e+00,415,356
0.000000e+00,-1.291425e-07,-1.554754e-07,2.628658e-07,0.000000e+00,0.000000e+00,0.000000e+00,0.000000e+00,0.000000e+00,0.000000e+00,0.000000e+00,416,356
0.000000e+00,-2.210050e-08,4.321992e-08,2.708648e-07,0.000000e+00,0.000000e+00,0.000000e+00,0.000000e+00,0.000000e+00,0.000000e+00,0.000000e+00,417,356
0.000000e+00,-1.098960e-07,-1.255293e-07,4.195083e-07,0.000000e+00,0.000000e+00,0.000000e+00,0.000000e+00,0.000000e+00,0.000000e+00,0.000000e+00,418,356
0.000000e+00,9.393356e-08,1.931509e-07,2.213471e-07,0.000000e+00,0.000000e+00,0.000000e+00,0.000000e+00,0.000000e+00,0.000000e+00,0.000000e+00,419,356
0.000000e+00,1.097154e-07,-2.866901e-08,3.327818e-07,0.000000e+00,0.000000e+00,0.000000e+00,0.000000e+00,0.000000e+00,0.000000e+00,0.000000e+00,420,356
0.000000e+00,-8.550029e-08,1.167549e-08,6.104475e-07,0.000000e+00,0.000000e+00,0.000000e+00,0.000000e+00,0.000000e+00,0.000000e+00,0.000000e+00,421,356
0.000000e+00,-1.859284e-07,-7.430511e-08,5.499888e-07,0.000000e+00,0.000000e+00,0.000000e+00,0.000000e+00,0.000000e+00,0.000000e+00,0.000000e+00,422,356
0.000000e+00,-9.294210e-08,1.341526e-07,2.672109e-07,0.000000e+00,0.000000e+00,0.000000e+00,0.000000e+00,0.000000e+00,0.000000e+00,0.000000e+00,423,356
0.000000e+00,-1.217745e-07,7.550432e-08,4.408214e-07,0.000000e+00,0.000000e+00,0.000000e+00,0.000000e+00,0.000000e+00,0.000000e+00,0.000000e+00,424,356
0.000000e+00,1.079561e-07,2.780962e-08,6.401277e-07,0.000000e+00,0.000000e+00,0.000000e+00,0.000000e+00,0.000000e+00,0.000000e+00,0.000000e+00,425,356
0.000000e+00,5.162044e-08,-9.102511e-08,4.024773e-07,0.000000e+00,0.000000e+00,0.000000e+00,0.000000e+00,0.000000e+00,0.000000e+00,0.000000e+00,426,356
0.000000e+00,1.495687e-07,-1.916194e-07,4.178856e-07,0.000000e+00,0.000000e+00,0.000000e+00,0.000000e+00,0.000000e+00,0.000000e+00,0.000000e+00,427,356
0.000000e+00,-8.173497e-08,-7.906259e-08,2.638618e-07,0.000000e+00,0.000000e+00,0.000000e+00,0.000000e+00,0.000000e+00,0.000000e+00,0.000000e+00,428,356
0.000000e+00,8.596546e-08,-2.100362e-07,4.883623e-07,0.000000e+00,0.000000e+00,0.000000e+00,0.000000e+00,0.000000e+00,0.000000e+00,0.000000e+00,429,356
0.000000e+00,4.423330e-08,1.303859e-09,6.349141e-07,0.000000e+00,0.000000e+00,0.000000e+00,0.000000e+00,0.000000e+00,0.000000e+00,0.000000e+00,430,356
0.000000e+00,-2.374036e-08,-9.814519e-08,3.766061e-07,0.000000e+00,0.000000e+00,0.000000e+00,0.000000e+00,0.000000e+00,0.000000e+00,0.000000e+00,431,356
0.000000e+00,2.220363e-07,-5.780130e-08,2.661165e-07,0.000000e+00,0.000000e+00,0.000000e+00,0.000000e+00,0.000000e+00,0.000000e+00,0.000000e+00,432,356
0.000000e+00,-9.828592e-08,1.416123e-07,4.551179e-07,0.000000e+00,0.000000e+00,0.000000e+00,0.000000e+00,0.000000e+00,0.000000e+00,0.000000e+00,433,356
0.000000e+00,5.791246e-08,-1.714900e-07,5.752636e-07,0.000000e+00,0.000000e+00,0.000000e+00,0.000000e+00,0.000000e+00,0.000000e+00,0.000000e+00,434,356
0.000000e+00,2.241267e-07,4.736898e-08,3.870849e-07,0.000000e+00,0.000000e+00,0.000000e+00,0.000000e+00,0.000000e+00,0.000000e+00,0.000000e+00,435,356
0.000000e+00,-1.603137e-07,1.859516e-07,3.658936e-07,0.000000e+00,0.000000e+00,0.000000e+00,0.000000e+00,0.000000e+00,0.000000e+00,0.000000e+00,436,356
0.000000e+00,1.220106e-07,8.879162e-08,5.578119e-07,0.000000e+00,0.000000e+00,0.000000e+00,0.000000e+00,0.000000e+00,0.000000e+00,0.000000e+00,437,356
0.000000e+00,1.183407e-07,2.367582e-07,4.293842e-07,0.000000e+00,0.000000e+00,0.000000e+00,0.000000e+00,0.000000e+00,0.000000e+00,0.000000e+00,438,356
0.000000e+00,-1.243452e-07,-1.111410e-07,3.684359e-07,0.000000e+00,0.000000e+00,0.000000e+00,0.000000e+00,0.000000e+00,0.000000e+00,0.000000e+00,439,356
0.000000e+00,1.398143e-07,1.807609e-07,4.402641e-07,0.000000e+00,0.000000e+00,0.000000e+00,0.000000e+00,0.000000e+00,0.000000e+00,0.000000e+00,440,356
0.000000e+00,-5.559141e-08,-1.365427e-07,2.034362e-07,0.000000e+00,0.000000e+00,0.000000e+00,0.000000e+00,0.000000e+00,0.000000e+00,0.000000e+00,441,356
0.000000e+00,1.130304e-07,1.196799e-07,5.596488e-07,0.000000e+00,0.000000e+00,0.000000e+00,0.000000e+00,0.000000e+00,0.000000e+00,0.000000e+00,442,356
0.000000e+00,2.561199e-08,-6.773097e-08,4.204309e-07,0.000000e+00,0.000000e+00,0.000000e+00,0.000000e+00,0.000000e+00,0.000000e+00,0.000000e+00,443,356
0.000000e+00,-9.429918e-08,5.739806e-08,4.077271e-07,0.000000e+00,0.000000e+00,0.000000e+00,0.000000e+00,0.000000e+00,0.000000e+00,0.000000e+00,444,356
0.000000e+00,2.002598e-07,1.171982e-07,3.524058e-07,0.000000e+00,0.000000e+00,0.000000e+00,0.000000e+00,0.000000e+00,0.000000e+00,0.000000e+00,445,356
0.000000e+00,2.334158e-07,-1.505087e-07,4.431213e-07,0.000000e+00,0.000000e+00,0.000000e+00,0.000000e+00,0.000000e+00,0.000000e+00,0.000000e+00,446,356
0.000000e+00,2.759792e-07,-3.973463e-08,4.107107e-07,0.000000e+00,0.000000e+00,0.000000e+00,0.000000e+00,0.000000e+00,0.000000e+00,0.000000e+00,447,356
0.000000e+00,6.071961e-08,9.110907e-08,4.345123e-07,0.000000e+00,0.000000e+00,0.000000e+00,0.000000e+00,0.000000e+00,0.000000e+00,0.000000e+00,448,356
0.000000e+00,2.401405e-07,-1.197593e-07,3.867986e-07,0.000000e+00,0.000000e+00,0.000000e+00,0.000000e+00,0.000000e+00,0.000000e+00,0.000000e+00,449,356
0.000000e+00,2.362822e-07,-1.801129e-08,5.228547e-07,0.000000e+00,0.000000e+00,0.000000e+00,0.000000e+00,0.000000e+00,0.000000e+00,0.000000e+00,450,356
0.000000e+00,1.983643e-07,-2.953230e-08,4.027862e-07,0.000000e+00,0.000000e+00,0.000000e+00,0.000000e+00,0.000000e+00,0.000000e+00,0.000000e+00,451,356
0.000000e+00,1.880988e-07,2.073043e-07,3.741824e-07,0.000000e+00,0.000000e+00,0.000000e+00,0.000000e+00,0.000000e+00,0.000000e+00,0.000000e+00,452,356
0.000000e+00,5.106686e-08,-7.294687e-08,5.591355e-07,0.000000e+00,0.000000e+00,0.000000e+00,0.000000e+00,0.000000e+00,0.000000e+00,0.000000e+00,453,356
0.000000e+00,2.018903e-07,7.581363e-08,3.833368e-07,0.000000e+00,0.000000e+00,0.000000e+00,0.000000e+00,0.000000e+00,0.000000e+00,0.000000e+00,454,356
0.000000e+00,-1.533074e-07,7.164037e-08,2.295527e-07,0.000000e+00,0.000000e+00,0.000000e+00,0.000000e+00,0.000000e+00,0.000000e+00,0.000000e+00,455,356
0.000000e+00,1.117917e-07,1.962816e-07,2.138969e-07,0.000000e+00,0.000000e+00,0.000000e+00,0.000000e+00,0.000000e+00,0.000000e+00,0.000000e+00,456,356
0.000000e+00,2.307853e-07,1.030531e-07,5.473251e-07,0.000000e+00,0.000000e+00,0.000000e+00,0.000000e+00,0.000000e+00,0.000000e+00,0.000000e+00,457,356
0.000000e+00,-2.434000e-08,5.700841e-08,5.947165e-07,0.000000e+00,0.000000e+00,0.000000e+00,0.000000e+00,0.000000e+00,0.000000e+00,0.000000e+00,458,356
0.000000e+00,-8.131016e-08,2.030774e-07,4.709273e-07,0.000000e+00,0.000000e+00,0.000000e+00,0.000000e+00,0.000000e+00,0.000000e+00,0.000000e+00,459,356
0.000000e+00,1.378105e-07,-1.636984e-07,3.510835e-07,0.000000e+00,0.000000e+00,0.000000e+00,0.000000e+00,0.000000e+00,0.000000e+00,0.000000e+00,460,356
0.000000e+00,-1.781306e-07,7.568092e-08,2.944675e-07,0.000000e+00,0.000000e+00,0.000000e+00,0.000000e+00,0.000000e+00,0.000000e+00,0.000000e+00,461,356
0.000000e+00,2.061536e-07,-4.438152e-08,3.218198e-07,0.000000e+00,0.000000e+00,0.000000e+00,0.000000e+00,0.000000e+00,0.000000e+00,0.000000e+00,462,356
0.000000e+00,-1.137489e-07,2.231982e-07,2.716731e-07,0.000000e+00,0.000000e+00,0.000000e+00,0.000000e+00,0.000000e+00,0.000000e+00,0.000000e+00,463,356
0.000000e+00,1.968395e-07,1.411245e-07,4.136861e-07,0.000000e+00,0.000000e+00,0.000000e+00,0.000000e+00,0.000000e+00,0.000000e+00,0.000000e+00,464,356
0.000000e+00,1.008387e-09,-1.976038e-07,4.527548e-07,0.000000e+00,0.000000e+00,0.000000e+00,0.000000e+00,0.000000e+00,0.000000e+00,0.000000e+00,465,356
0.000000e+00,-9.172470e-08,-5.891598e-08,4.959777e-07,0.000000e+00,0.000000e+00,0.000000e+00,0.000000e+00,0.000000e+00,0.000000e+00,0.000000e+00,466,356
0.000000e+00,-1.153149e-07,1.560595e-07,6.093463e-07,0.000000e+00,0.000000e+00,0.000000e+00,0.000000e+00,0.000000e+00,0.000000e+00,0.000000e+00,467,356
0.000000e+00,1.790921e-07,4.983231e-08,1.929045e-07,0.000000e+00,0.000000e+00,0.000000e+00,0.000000e+00,0.000000e+00,0.000000e+00,0.000000e+00,468,356
0.000000e+00,2.054026e-07,1.675563e-07,3.596214e-07,0.000000e+00,0.000000e+00,0.000000e+00,0.000000e+00,0.000000e+00,0.000000e+00,0.000000e+00,469,356
0.000000e+00,4.977574e-08,2.383165e-07,4.830935e-07,0.000000e+00,0.000000e+00,0.000000e+00,0.000000e+00,0.000000e+00,0.000000e+00,0.000000e+00,470,356
0.000000e+00,2.258501e-07,3.886836e-08,2.555574e-07,0.000000e+00,0.000000e+00,0.000000e+00,0.000000e+00,0.000000e+00,0.000000e+00,0.000000e+00,471,356
0.000000e+00,4.680665e-08,2.077034e-07,2.005438e-07,0.000000e+00,0.000000e+00,0.000000e+00,0.000000e+00,0.000000e+00,0.000000e+00,0.000000e+00,472,356
0.000000e+00,-1.736852e-07,1.532735e-07,4.137177e-07,0.000000e+00,0.000000e+00,0.000000e+00,0.000000e+00,0.000000e+00,0.000000e+00,0.000000e+00,473,356
0.000000e+00,-1.274462e-07,-1.701262e-07,4.146643e-07,0.000000e+00,0.000000e+00,0.000000e+00,0.000000e+00,0.000000e+00,0.000000e+00,0.000000e+00,474,356
0.000000e+00,-1.975133e-07,-1.662126e-07,2.713061e-07,0.000000e+00,0.000000e+00,0.000000e+00,0.000000e+00,0.000000e+00,0.000000e+00,0.000000e+00,475,356
0.000000e+00,2.355204e-07,-6.754223e-09,3.489759e-07,0.000000e+00,0.000000e+00,0.000000e+00,0.000000e+00,0.000000e+00,0.000000e+00,0.000000e+00,476,356
0.000000e+00,-1.460505e-07,1.904413e-07,5.085219e-07,0.000000e+00,0.000000e+00,0.000000e+00,0.000000e+00,0.000000e+00,0.000000e+00,0.000000e+00,477,356
0.000000e+00,-5.113867e-08,-1.768150e-07,3.746655e-07,0.000000e+00,0.000000e+00,0.000000e+00,0.000000e+00,0.000000e+00,0.000000e+00,0.000000e+00,478,356
0.000000e+00,1.681407e-07,-1.969539e-08,3.427838e-07,0.000000e+00,0.000000e+00,0.000000e+00,0.000000e+00,0.000000e+00,0.000000e+00,0.000000e+00,479,356
0.000000e+00,-1.150806e-07,-1.051476e-07,4.761508e-07,0.000000e+00,0.000000e+00,0.000000e+00,0.000000e+00,0.000000e+00,0.000000e+00,0.000000e+00,480,356
0.000000e+00,2.801206e-08,1.375662e-07,3.931886e-07,0.000000e+00,0.000000e+00,0.000000e+00,0.000000e+00,0.000000e+00,0.000000e+00,0.000000e+00,481,356
0.000000e+00,5.909982e-08,1.203887e-07,6.461087e-07,0.000000e+00,0.000000e+00,0.000000e+00,0.000000e+00,0.000000e+00,0.000000e+00,0.000000e+00,482,356
0.000000e+00,-1.542674e-08,2.134078e-07,4.854528e-07,0.000000e+00,0.000000e+00,0.000000e+00,0.000000e+00,0.000000e+00,0.000000e+00,0.000000e+00,483,356
0.000000e+00,9.643985e-08,2.175966e-07,4.910355e-07,0.000000e+00,0.000000e+00,0.000000e+00,0.000000e+00,0.000000e+00,0.000000e+00,0.000000e+00,484,356
0.000000e+00,7.932041e-09,6.781134e-09,4.419958e-07,0.000000e+00,0.000000e+00,0.000000e+00,0.000000e+00,0.000000e+00,0.000000e+00,0.000000e+00,485,356
0.000000e+00,-2.326245e-07,3.889269e-08,3.829595e-07,0.000000e+00,0.000000e+00,0.000000e+00,0.000000e+00,0.000000e+00,0.000000e+00,0.000000e+00,486,356
0.000000e+00,-6.244999e-09,-2.042774e-07,5.645932e-07,0.000000e+00,0.000000e+00,0.000000e+00,0.000000e+00,0.000000e+00,0.000000e+00,0.000000e+00,487,356
0.000000e+00,-1.723753e-08,4.342071e-09,2.396021e-07,0.000000e+00,0.000000e+00,0.000000e+00,0.000000e+00,0.000000e+00,0.000000e+00,0.000000e+00,488,356
0.000000e+00,-1.354959e-07,1.855284e-08,4.495424e-07,0.000000e+00,0.000000e+00,0.000000e+00,0.000000e+00,0.000000e+00,0.000000e+00,0.000000e+00,489,356
0.000000e+00,2.132840e-07,1.587369e-07,3.309837e-07,0.000000e+00,0.000000e+00,0.000000e+00,0.000000e+00,0.000000e+00,0.000000e+00,0.000000e+00,490,356
0.000000e+00,4.874081e-08,2.093735e-07,4.263254e-07,0.000000e+00,0.000000e+00,0.000000e+00,0.000000e+00,0.000000e+00,0.000000e+00,0.000000e+00,491,356
0.000000e+00,-2.317487e-07,3.271864e-08,3.868083e-07,0.000000e+00,0.000000e+00,0.000000e+00,0.000000e+00,0.000000e+00,0.000000e+00,0.000000e+00,492,356
0.000000e+00,2.586907e-08,-1.881540e-07,5.169517e-07,0.000000e+00,0.000000e+00,0.000000e+00,0.000000e+00,0.000000e+00,0.000000e+00,0.000000e+00,493,356
0.000000e+00,4.096700e-08,3.714820e-08,1.928479e-07,0.000000e+00,0.000000e+00,0.000000e+00,0.000000e+00,0.000000e+00,0.000000e+00,0.000000e+00,494,356
0.000000e+00,8.800489e-08,1.203729e-07,3.036363e-07,0.000000e+00,0.000000e+00,0.000000e+00,0.000000e+00,0.000000e+00,0.000000e+00,0.000000e+00,495,356
0.000000e+00,1.723810e-07,-1.412749e-07,2.690600e-07,0.000000e+00,0.000000e+00,0.000000e+00,0.000000e+00,0.000000e+00,0.000000e+00,0.000000e+00,496,356
0.000000e+00,-1.128038e-07,-1.313729e-07,6.338633e-07,0.000000e+00,0.000000e+00,0.000000e+00,0.000000e+00,0.000000e+00,0.000000e+00,0.000000e+00,497,356
0.000000e+00,-6.056704e-08,1.439897e-07,2.765415e-07,0.000000e+00,0.000000e+00,0.000000e+00,0.000000e+00,0.000000e+00,0.000000e+00,0.000000e+00,498,356
0.000000e+00,1.793721e-07,3.896755e-08,5.083759e-07,0.000000e+00,0.000000e+00,0.000000e+00,0.000000e+00,0.000000e+00,0.000000e+00,0.000000e+00,499,356
