0.000000e+00,-7.650346e-08,2.911256e-08,4.053096e-07,0.000000e+00,0.000000e+00,0.000000e+00,0.000000e+00,0.000000e+00,0.000000e+00,0.000000e+00,0,357
0.000000e+00,-5.443963e-09,-5.064757e-08,3.072635e-07,0.000000e+00,0.000000e+00,0.000000e+00,0.000000e+00,0.000000e+00,0.000000e+00,0.000000e+00,1,357
0.000000e+00,1.576302e-07,1.063529e-07,3.693220e-07,0.000000e+00,0.000000e+00,0.000000e+00,0.000000e+00,0.000000e+00,0.000000e+00,0.000000e+00,2,357
0.000000e+00,1.080804e-07,-2.326609e-07,3.966818e-07,0.000000e+00,0.000000e+00,0.000000e+00,0.000000e+00,0.000000e+00,0.000000e+00,0.000000e+00,3,357
0.000000e+00,-1.823419e-07,-1.392255e-08,3.917827e-07,0.000000e+00,0.000000e+00,0.000000e+00,0.000000e+00,0.000000e+00,0.000000e+00,0.000000e+00,4,357
0.000000e+00,-8.774760e-09,6.976188e-08,5.890721e-07,0.000000e+00,0.000000e+00,0.000000e+00,0.000000e+00,0.000000e+00,0.000000e+00,0.000000e+00,5,357
0.000000e+00,8.977707e-09,7.016268e-08,3.938624e-07,0.000000e+00,0.000000e+00,0.000000e+00,0.000000e+00,0.000000e+00,0.000000e+00,0.000000e+00,6,357
0.000000e+00,1.134287e-07,-6.346003e-09,2.087371e-07,0.000000e+00,0.000000e+00,0.000000e+00,0.000000e+00,0.000000e+00,0.000000e+00,0.000000e+00,7,357
0.000000e+00,2.193153e-07,-9.793642e-09,4.703813e-07,0.000000e+00,0.000000e+00,0.000000e+00,0.000000e+00,0.000000e+00,0.000000e+00,0.000000e+00,8,357
0.000000e+00,-1.031384e-07,1.997925e-07,2.335833e-07,0.000000e+00,0.000000e+00,0.000000e+00,0.000000e+00,0.000000e+00,0.000000e+00,0.000000e+00,9,357
0.000000e+00,-1.476873e-07,1.438053e-07,3.623061e-07,0.000000e+00,0.000000e+00,0.000000e+00,0.000000e+00,0.000000e+00,0.000000e+00,0.000000e+00,10,357
0.000000e+00,-2.745449e-07,-8.057974e-09,3.042088e-07,0.000000e+00,0.000000e+00,0.000000e+00,0.000000e+00,0.000000e+00,0.000000e+00,0.000000e+00,11,357
0.000000e+00,1.299405e-07,-1.446406e-07,3.066393e-07,0.000000e+00,0.000000e+00,0.000000e+00,0.000000e+00,0.000000e+00,0.000000e+00,0.000000e+00,12,357
0.000000e+00,-2.689903e-07,5.826525e-08,3.475434e-07,0.000000e+00,0.000000e+00,0.000000e+00,0.000000e+00,0.000000e+00,0.000000e+00,0.000000e+00,13,357
0.000000e+00,6.509858e-08,3.364405e-08,3.282007e-07,0.000000e+00,0.000000e+00,0.000000e+00,0.000000e+00,0.000000e+00,0.000000e+00,0.000000e+00,14,357
0.000000e+00,4.690663e-08,1.051097e-07,6.575371e-07,0.000000e+00,0.000000e+00,0.000000e+00,0.000000e+00,0.000000e+00,0.000000e+00,0.000000e+00,15,357
0.000000e+00,1.288514e-08,-2.799053e-07,3.132787e-07,0.000000e+00,0.000000e+00,0.000000e+00,0.000000e+00,0.000000e+00,0.000000e+00,0.000000e+00,16,357
0.000000e+00,5.245656e-09,-2.029906e-07,2.247972e-07,0.000000e+00,0.000000e+00,0.000000e+00,0.000000e+00,0.000000e+00,0.000000e+00,0.000000e+00,17,357
0.000000e+00,1.334003e-07,1.465028e-07,2.976715e-07,0.000000e+00,0.000000e+00,0.000000e+00,0.000000e+00,0.000000e+00,0.000000e+00,0.000000e+00,18,357
0.000000e+00,1.204316e-09,1.396593e-07,2.114873e-07,0.000000e+00,0.000000e+00,0.000000e+00,0.000000e+00,0.000000e+00,0.000000e+00,0.000000e+00,19,357
0.000000e+00,-1.964565e-07,-6.951418e-08,3.442231e-07,0.000000e+00,0.000000e+00,0.000000e+00,0.000000e+00,0.000000e+00,0.000000e+00,0.000000e+00,20,357
0.000000e+00,-3.714812e-08,-5.061733e-08,1.824072e-07,0.000000e+00,0.000000e+00,0.000000e+00,0.000000e+00,0.000000e+00,0.000000e+00,0.000000e+00,21,357
0.000000e+00,1.906230e-07,-6.634418e-09,2.563248e-07,0.000000e+00,0.000000e+00,0.000000e+00,0.000000e+00,0.000000e+00,0.000000e+00,0.000000e+00,22,357
0.000000e+00,-1.432825e-08,2.415256e-07,4.712528e-07,0.000000e+00,0.000000e+00,0.000000e+00,0.000000e+00,0.000000e+00,0.000000e+00,0.000000e+00,23,357
0.000000e+00,1.437639e-07,-9.052632e-09,5.230605e-07,0.000000e+00,0.000000e+00,0.000000e+00,0.000000e+00,0.000000e+00,0.000000e+00,0.000000e+00,24,357
0.000000e+00,1.580069e-07,-1.035009e-07,3.971967e-07,0.000000e+00,0.000000e+00,0.000000e+00,0.000000e+00,0.000000e+00,0.000000e+00,0.000000e+00,25,357
0.000000e+00,-9.999835e-08,2.391146e-08,3.316189e-07,0.000000e+00,0.000000e+00,0.000000e+00,0.000000e+00,0.000000e+00,0.000000e+00,0.000000e+00,26,357
0.000000e+00,-1.485419e-07,4.890296e-08,4.182427e-07,0.000000e+00,0.000000e+00,0.000000e+00,0.000000e+00,0.000000e+00,0.000000e+00,0.000000e+00,27,357
0.000000e+00,-3.829512e-08,-3.680346e-08,4.680558e-07,0.000000e+00,0.000000e+00,0.000000e+00,0.000000e+00,0.000000e+00,0.000000e+00,0.000000e+00,28,357
0.000000e+00,-1.244965e-07,3.287143e-08,6.436919e-07,0.000000e+00,0.000000e+00,0.000000e+00,0.000000e+00,0.000000e+00,0.000000e+00,0.000000e+00,29,357
0.000000e+00,1.280787e-07,1.296735e-07,5.177078e-07,0.000000e+00,0.000000e+00,0.000000e+00,0.000000e+00,0.000000e+00,0.000000e+00,0.000000e+00,30,357
0.000000e+00,-1.353144e-07,-1.060200e-07,4.623957e-07,0.000000e+00,0.000000e+00,0.000000e+00,0.000000e+00,0.000000e+00,0.000000e+00,0.000000e+00,31,357
0.000000e+00,-1.083541e-07,-1.220636e-07,2.123364e-07,0.000000e+00,0.000000e+00,0.000000e+00,0.000000e+00,0.000000e+00,0.000000e+00,0.000000e+00,32,357
0.000000e+00,7.062300e-08,-1.470119e-07,4.445440e-07,0.000000e+00,0.000000e+00,0.000000e+00,0.000000e+00,0.000000e+00,0.000000e+00,0.000000e+00,33,357
0.000000e+00,-9.641208e-09,4.187253e-08,1.065040e-07,0.000000e+00,0.000000e+00,0.000000e+00,0.000000e+00,0.000000e+00,0.000000e+00,0.000000e+00,34,357
0.000000e+00,1.994036e-08,1.994922e-07,3.579859e-07,0.000000e+00,0.000000e+00,0.000000e+00,0.000000e+00,0.000000e+00,0.000000e+00,0.000000e+00,35,357
0.000000e+00,4.727997e-08,-1.691738e-07,3.006134e-07,0.000000e+00,0.000000e+00,0.000000e+00,0.000000e+00,0.000000e+00,0.000000e+00,0.000000e+00,36,357
0.000000e+00,-2.884371e-10,-1.475435e-07,5.449925e-07,0.000000e+00,0.000000e+00,0.000000e+00,0.000000e+00,0.000000e+00,0.000000e+00,0.000000e+00,37,357
0.000000e+00,5.790993e-08,1.502176e-07,4.445335e-07,0.000000e+00,0.000000e+00,0.000000e+00,0.000000e+00,0.000000e+00,0.000000e+00,0.000000e+00,38,357
0.000000e+00,-2.098225e-07,-6.897312e-08,5.720738e-07,0.000000e+00,0.000000e+00,0.000000e+00,0.000000e+00,0.000000e+00,0.000000e+00,0.000000e+00,39,357
0.000000e+00,-1.521646e-07,-1.991141e-07,4.786249e-07,0.000000e+00,0.000000e+00,0.000000e+00,0.000000e+00,0.000000e+00,0.000000e+00,0.000000e+00,40,357
0.000000e+00,1.345589e-07,-3.619534e-08,5.993020e-07,0.000000e+00,0.000000e+00,0.000000e+00,0.000000e+00,0.000000e+00,0.000000e+00,0.000000e+00,41,357
0.000000e+00,1.539639e-07,2.470912e-07,3.594642e-07,0.000000e+00,0.000000e+00,0.000000e+00,0.000000e+00,0.000000e+00,0.000000e+00,0.000000e+00,42,357
0.000000e+00,2.098094e-07,1.373112e-07,5.172480e-07,0.000000e+00,0.000000e+00,0.000000e+00,0.000000e+00,0.000000e+00,0.000000e+00,0.000000e+00,43,357
0.000000e+00,8.397686e-08,-2.676254e-07,4.788606e-07,0.000000e+00,0.000000e+00,0.000000e+00,0.000000e+00,0.000000e+00,0.000000e+00,0.000000e+00,44,357
0.000000e+00,-3.348258e-08,-1.764932e-07,6.209171e-07,0.000000e+00,0.000000e+00,0.000000e+00,0.000000e+00,0.000000e+00,0.000000e+00,0.000000e+00,45,357
0.000000e+00,1.193196e-08,-5.474624e-08,5.911433e-07,0.000000e+00,0.000000e+00,0.000000e+00,0.000000e+00,0.000000e+00,0.000000e+00,0.000000e+00,46,357
0.000000e+00,-1.014263e-07,-2.615215e-07,4.365180e-07,0.000000e+00,0.000000e+00,0.000000e+00,0.000000e+00,0.000000e+00,0.000000e+00,0.000000e+00,47,357
0.000000e+00,1.157173e-07,6.878660e-08,4.484147e-07,0.000000e+00,0.000000e+00,0.000000e+00,0.000000e+00,0.000000e+00,0.000000e+00,0.000000e+00,48,357
0.000000e+00,5.325190e-08,-6.730866e-08,4.089381e-07,0.000000e+00,0.000000e+00,0.000000e+00,0.000000e+00,0.000000e+00,0.000000e+00,0.000000e+00,49,357
0.000000e+00,-2.043514e-07,-1.504545e-07,4.107010e-07,0.000000e+00,0.000000e+00,0.000000e+00,0.000000e+00,0.000000e+00,0.000000e+00,0.000000e+00,50,357
0.000000e+00,-8.184877e-08,2.080401e-07,3.919551e-07,0.000000e+00,0.000000e+00,0.000000e+00,0.000000e+00,0.000000e+00,0.000000e+00,0.000000e+00,51,357
0.000000e+00,-2.433313e-07,-3.579452e-09,5.285206e-07,0.000000e+00,0.000000e+00,0.000000e+00,0.000000e+00,0.000000e+00,0.000000e+00,0.000000e+00,52,357
0.000000e+00,-5.578128e-08,-1.039867e-07,6.271363e-07,0.000000e+00,0.000000e+00,0.000000e+00,0.000000e+00,0.000000e+00,0.000000e+00,0.000000e+00,53,357
0.000000e+00,1.237214e-07,-9.415548e-08,2.187679e-07,0.000000e+00,0.000000e+00,0.000000e+00,0.000000e+00,0.000000e+00,0.000000e+00,0.000000e+00,54,357
0.000000e+00,9.449844e-08,1.501908e-07,1.670671e-07,0.000000e+00,0.000000e+00,0.000000e+00,0.000000e+00,0.000000e+00,0.000000e+00,0.000000e+00,55,357
0.000000e+00,2.792865e-07,-1.420910e-08,3.696294e-07,0.000000e+00,0.000000e+00,0.000000e+00,0.000000e+00,0.000000e+00,0.000000e+00,0.000000e+00,56,357
0.000000e+00,-7.774806e-08,1.533446e-07,3.267286e-07,0.000000e+00,0.000000e+00,0.000000e+00,0.000000e+00,0.000000e+00,0.000000e+00,0.000000e+00,57,357
0.000000e+00,9.371180e-08,2.301533e-07,4.299507e-07,0.000000e+00,0.000000e+00,0.000000e+00,0.000000e+00,0.000000e+00,0.000000e+00,0.000000e+00,58,357
0.000000e+00,-4.029933e-08,1.230780e-07,5.389318e-07,0.000000e+00,0.000000e+00,0.000000e+00,0.000000e+00,0.000000e+00,0.000000e+00,0.000000e+00,59,357
0.000000e+00,-2.293836e-07,1.219955e-07,4.099818e-07,0.000000e+00,0.000000e+00,0.000000e+00,0.000000e+00,0.000000e+00,0.000000e+00,0.000000e+00,60,357
0.000000e+00,5.438578e-08,6.195997e-09,4.649437e-07,0.000000e+00,0.000000e+00,0.000000e+00,0.000000e+00,0.000000e+00,0.000000e+00,0.000000e+00,61,357
0.000000e+00,-1.216608e-08,-9.979397e-08,1.257354e-07,0.000000e+00,0.000000e+00,0.000000e+00,0.000000e+00,0.000000e+00,0.000000e+00,0.000000e+00,62,357
0.000000e+00,-1.693262e-07,9.957906e-08,5.950837e-07,0.000000e+00,0.000000e+00,0.000000e+00,0.000000e+00,0.000000e+00,0.000000e+00,0.000000e+00,63,357
0.000000e+00,-1.055454e-07,1.927445e-07,5.240195e-07,0.000000e+00,0.000000e+00,0.000000e+00,0.000000e+00,0.000000e+00,0.000000e+00,0.000000e+00,64,357
0.000000e+00,1.057093e-08,1.942623e-09,6.512306e-07,0.000000e+00,0.000000e+00,0.000000e+00,0.000000e+00,0.000000e+00,0.000000e+00,0.000000e+00,65,357
0.000000e+00,1.242052e-07,-1.391187e-07,4.990630e-07,0.000000e+00,0.000000e+00,0.000000e+00,0.000000e+00,0.000000e+00,0.000000e+00,0.000000e+00,66,357
0.000000e+00,-5.739010e-08,1.405528e-07,6.440545e-07,0.000000e+00,0.000000e+00,0.000000e+00,0.000000e+00,0.000000e+00,0.000000e+00,0.000000e+00,67,357
0.000000e+00,2.474505e-07,7.161899e-08,2.534908e-07,0.000000e+00,0.000000e+00,0.000000e+00,0.000000e+00,0.000000e+00,0.000000e+00,0.000000e+00,68,357
0.000000e+00,1.822471e-07,-1.019852e-07,5.423557e-07,0.000000e+00,0.000000e+00,0.000000e+00,0.000000e+00,0.000000e+00,0.000000e+00,0.000000e+00,69,357
0.000000e+00,-1.294726e-07,1.447925e-08,4.999744e-07,0.000000e+00,0.000000e+00,0.000000e+00,0.000000e+00,0.000000e+00,0.000000e+00,0.000000e+00,70,357
0.000000e+00,-1.277109e-07,-2.068570e-07,2.977898e-07,0.000000e+00,0.000000e+00,0.000000e+00,0.000000e+00,0.000000e+00,0.000000e+00,0.000000e+00,71,357
0.000000e+00,1.370032e-07,1.155785e-07,6.236772e-07,0.000000e+00,0.000000e+00,0.000000e+00,0.000000e+00,0.000000e+00,0.000000e+00,0.000000e+00,72,357
0.000000e+00,6.698248e-08,-6.680156e-08,3.192127e-07,0.000000e+00,0.000000e+00,0.000000e+00,0.000000e+00,0.000000e+00,0.000000e+00,0.000000e+00,73,357
0.000000e+00,1.025511e-07,1.764949e-07,5.765690e-07,0.000000e+00,0.000000e+00,0.000000e+00,0.000000e+00,0.000000e+00,0.000000e+00,0.000000e+00,74,357
0.000000e+00,1.534034e-07,2.102174e-07,4.951370e-07,0.000000e+00,0.000000e+00,0.000000e+00,0.000000e+00,0.000000e+00,0.000000e+00,0.000000e+00,75,357
0.000000e+00,2.086909e-07,-1.606947e-07,2.990752e-07,0.000000e+00,0.000000e+00,0.000000e+00,0.000000e+00,0.000000e+00,0.000000e+00,0.000000e+00,76,357
0.000000e+00,8.849749e-09,5.749933e-08,2.278055e-07,0.000000e+00,0.000000e+00,0.000000e+00,0.000000e+00,0.000000e+00,0.000000e+00,0.000000e+00,77,357
0.000000e+00,-5.675657e-08,-2.488323e-07,2.936053e-07,0.000000e+00,0.000000e+00,0.000000e+00,0.000000e+00,0.000000e+00,0.000000e+00,0.000000e+00,78,357
0.000000e+00,-1.054120e-07,-3.743689e-08,5.506449e-07,0.000000e+00,0.000000e+00,0.000000e+00,0.000000e+00,0.000000e+00,0.000000e+00,0.000000e+00,79,357
0.000000e+00,-2.373438e-07,-8.883676e-08,4.668848e-07,0.000000e+00,0.000000e+00,0.000000e+00,0.000000e+00,0.000000e+00,0.000000e+00,0.000000e+00,80,357
0.000000e+00,-1.155112e-07,-1.137249e-08,2.286783e-07,0.000000e+00,0.000000e+00,0.000000e+00,0.000000e+00,0.000000e+00,0.000000e+00,0.000000e+00,81,357
0.000000e+00,1.590262e-07,6.612362e-08,2.552810e-07,0.000000e+00,0.000000e+00,0.000000e+00,0.000000e+00,0.000000e+00,0.000000e+00,0.000000e+00,82,357
0.000000e+00,1.110169e-08,-1.997450e-07,3.869994e-07,0.000000e+00,0.000000e+00,0.000000e+00,0.000000e+00,0.000000e+00,0.000000e+00,0.000000e+00,83,357
0.000000e+00,-2.039970e-07,-1.459303e-07,2.862773e-07,0.000000e+00,0.000000e+00,0.000000e+00,0.000000e+00,0.000000e+00,0.000000e+00,0.000000e+00,84,357
0.000000e+00,-1.366289e-07,1.875209e-07,4.379151e-07,0.000000e+00,0.000000e+00,0.000000e+00,0.000000e+00,0.000000e+00,0.000000e+00,0.000000e+00,85,357
0.000000e+00,2.058766e-09,2.010451e-07,5.961529e-07,0.000000e+00,0.000000e+00,0.000000e+00,0.000000e+00,0.000000e+00,0.000000e+00,0.000000e+00,86,357
0.000000e+00,-2.503896e-08,-2.157517e-07,4.591964e-07,0.000000e+00,0.000000e+00,0.000000e+00,0.000000e+00,0.000000e+00,0.000000e+00,0.000000e+00,87,357
0.000000e+00,-2.774809e-07,-8.247426e-08,3.427782e-07,0.000000e+00,0.000000e+00,0.000000e+00,0.000000e+00,0.000000e+00,0.000000e+00,0.000000e+00,88,357
0.000000e+00,9.542235e-08,-1.366509e-08,1.271046e-07,0.000000e+00,0.000000e+00,0.000000e+00,0.000000e+00,0.000000e+00,0.000000e+00,0.000000e+00,89,357
0.000000e+00,2.011348e-07,-2.005415e-08,3.498222e-07,0.000000e+00,0.000000e+00,0.000000e+00,0.000000e+00,0.000000e+00,0.000000e+00,0.000000e+00,90,357
0.000000e+00,-2.663075e-07,-9.176568e-09,4.215204e-07,0.000000e+00,0.000000e+00,0.000000e+00,0.000000e+00,0.000000e+00,0.000000e+00,0.000000e+00,91,357
0.000000e+00,1.692885e-07,4.319202e-08,1.648689e-07,0.000000e+00,0.000000e+00,0.000000e+00,0.000000e+00,0.000000e+00,0.000000e+00,0.000000e+00,92,357
0.000000e+00,-3.161450e-08,-8.177296e-08,3.875805e-07,0.000000e+00,0.000000e+00,0.000000e+00,0.000000e+00,0.000000e+00,0.000000e+00,0.000000e+00,93,357
0.000000e+00,-2.339368e-07,1.478363e-07,3.223209e-07,0.000000e+00,0.000000e+00,0.000000e+00,0.000000e+00,0.000000e+00,0.000000e+00,0.000000e+00,94,357
0.000000e+00,8.104996e-08,-7.428460e-08,5.516872e-07,0.000000e+00,0.000000e+00,0.000000e+00,0.000000e+00,0.000000e+00,0.000000e+00,0.000000e+00,95,357
0.000000e+00,-1.821306e-07,1.479823e-08,1.744640e-07,0.000000e+00,0.000000e+00,0.000000e+00,0.000000e+00,0.000000e+00,0.000000e+00,0.000000e+00,96,357
0.000000e+00,7.487138e-08,-2.392278e-07,3.125864e-07,0.000000e+00,0.000000e+00,0.000000e+00,0.000000e+00,0.000000e+00,0.000000e+00,0.000000e+00,97,357
0.000000e+00,-1.730224e-07,5.323906e-08,2.623707e-07,0.000000e+00,0.000000e+00,0.000000e+00,0.000000e+00,0.000000e+00,0.000000e+00,0.000000e+00,98,357
0.000000e+00,2.131677e-07,2.710021e-08,5.451886e-07,0.000000e+00,0.000000e+00,0.000000e+00,0.000000e+00,0.000000e+00,0.000000e+00,0.000000e+00,99,357
0.000000e+00,1.874290e-07,1.699979e-07,2.451817e-07,0.000000e+00,0.000000e+00,0.000000e+00,0.000000e+00,0.000000e+00,0.000000e+00,0.000000e+00,100,357
0.000000e+00,-1.476007e-07,1.142158e-07,4.882488e-07,0.000000e+00,0.000000e+00,0.000000e+00,0.000000e+00,0.000000e+00,0.000000e+00,0.000000e+00,101,357
0.000000e+00,9.094710e-08,8.285873e-08,5.643751e-07,0.000000e+00,0.000000e+00,0.000000e+00,0.000000e+00,0.000000e+00,0.000000e+00,0.000000e+00,102,357
0.000000e+00,-1.255507e-07,-1.795892e-07,5.827688e-07,0.000000e+00,0.000000e+00,0.000000e+00,0.000000e+00,0.000000e+00,0.000000e+00,0.000000e+00,103,357
0.000000e+00,1.753836e-07,-8.956918e-08,2.757198e-07,0.000000e+00,0.000000e+00,0.000000e+00,0.000000e+00,0.000000e+00,0.000000e+00,0.000000e+00,104,357
0.000000e+00,-2.195865e-07,3.897543e-08,5.874638e-07,0.000000e+00,0.000000e+00,0.000000e+00,0.000000e+00,0.000000e+00,0.000000e+00,0.000000e+00,105,357
0.000000e+00,2.721332e-07,-1.108629e-07,3.741247e-07,0.000000e+00,0.000000e+00,0.000000e+00,0.000000e+00,0.000000e+00,0.000000e+00,0.000000e+00,106,357
0.000000e+00,1.649592e-07,-2.059456e-07,4.675203e-07,0.000000e+00,0.000000e+00,0.000000e+00,0.000000e+00,0.000000e+00,0.000000e+00,0.000000e+00,107,357
0.000000e+00,-1.006817e-07,5.136482e-08,1.577056e-07,0.000000e+00,0.000000e+00,0.000000e+00,0.000000e+00,0.000000e+00,0.000000e+00,0.000000e+00,108,357
0.000000e+00,8.133768e-08,1.193395e-07,3.813877e-07,0.000000e+00,0.000000e+00,0.000000e+00,0.000000e+00,0.000000e+00,0.000000e+00,0.000000e+00,109,357
0.000000e+00,2.462774e-07,-7.980133e-08,4.468765e-07,0.000000e+00,0.000000e+00,0.000000e+00,0.000000e+00,0.000000e+00,0.000000e+00,0.000000e+00,110,357
0.000000e+00,-1.726535e-07,2.354469e-07,3.514666e-07,0.000000e+00,0.000000e+00,0.000000e+00,0.000000e+00,0.000000e+00,0.000000e+00,0.000000e+00,111,357
0.000000e+00,5.937466e-08,2.098339e-07,2.377892e-07,0.000000e+00,0.000000e+00,0.000000e+00,0.000000e+00,0.000000e+00,0.000000e+00,0.000000e+00,112,357
0.000000e+00,2.886539e-08,-5.802118e-08,2.418349e-07,0.000000e+00,0.000000e+00,0.000000e+00,0.000000e+00,0.000000e+00,0.000000e+00,0.000000e+00,113,357
0.000000e+00,-4.988833e-08,-1.520051e-07,4.031663e-07,0.000000e+00,0.000000e+00,0.000000e+00,0.000000e+00,0.000000e+00,0.000000e+00,0.000000e+00,114,357
0.000000e+00,1.611045e-07,1.733429e-07,4.069471e-07,0.000000e+00,0.000000e+00,0.000000e+00,0.000000e+00,0.000000e+00,0.000000e+00,0.000000e+00,115,357
0.000000e+00,4.308296e-08,-1.468837e-07,1.840489e-07,0.000000e+00,0.000000e+00,0.000000e+00,0.000000e+00,0.000000e+00,0.000000e+00,0.000000e+00,116,357
0.000000e+00,-1.084754e-07,-4.349356e-08,4.208430e-07,0.000000e+00,0.000000e+00,0.000000e+00,0.000000e+00,0.000000e+00,0.000000e+00,0.000000e+00,117,357
0.000000e+00,6.833812e-08,7.521136e-08,1.813106e-07,0.000000e+00,0.000000e+00,0.000000e+00,0.000000e+00,0.000000e+00,0.000000e+00,0.000000e+00,118,357
0.000000e+00,-2.348959e-07,1.494803e-07,4.885340e-07,0.000000e+00,0.000000e+00,0.000000e+00,0.000000e+00,0.000000e+00,0.000000e+00,0.000000e+00,119,357
0.000000e+00,-5.942329e-08,-1.020942e-07,5.324177e-07,0.000000e+00,0.000000e+00,0.000000e+00,0.000000e+00,0.000000e+00,0.000000e+00,0.000000e+00,120,357
0.000000e+00,9.494685e-08,3.443775e-08,6.248866e-07,0.000000e+00,0.000000e+00,0.000000e+00,0.000000e+00,0.000000e+00,0.000000e+00,0.000000e+00,121,357
0.000000e+00,1.379405e-07,-1.521415e-07,5.820917e-07,0.000000e+00,0.000000e+00,0.000000e+00,0.000000e+00,0.000000e+00,0.000000e+00,0.000000e+00,122,357
0.000000e+00,1.606718e-07,1.806006e-08,4.020471e-07,0.000000e+00,0.000000e+00,0.000000e+00,0.000000e+00,0.000000e+00,0.000000e+00,0.000000e+00,123,357
0.000000e+00,1.974606e-08,8.769281e-09,5.474599e-07,0.000000e+00,0.000000e+00,0.000000e+00,0.000000e+00,0.000000e+00,0.000000e+00,0.000000e+00,124,357
0.000000e+00,-1.385473e-07,-7.522138e-08,6.136724e-07,0.000000e+00,0.000000e+00,0.000000e+00,0.000000e+00,0.000000e+00,0.000000e+00,0.000000e+00,125,357
0.000000e+00,-3.641796e-08,-6.864859e-08,2.857368e-07,0.000000e+00,0.000000e+00,0.000000e+00,0.000000e+00,0.000000e+00,0.000000e+00,0.000000e+00,126,357
0.000000e+00,-1.513337e-07,2.147749e-07,4.251153e-07,0.000000e+00,0.000000e+00,0.000000e+00,0.000000e+00,0.000000e+00,0.000000e+00,0.000000e+00,127,357
0.000000e+00,-6.431598e-08,-2.355094e-07,5.358190e-07,0.000000e+00,0.000000e+00,0.000000e+00,0.000000e+00,0.000000e+00,0.000000e+00,0.000000e+00,128,357
0.000000e+00,-5.609514e-08,1.581981e-07,4.492961e-07,0.000000e+00,0.000000e+00,0.000000e+00,0.000000e+00,0.000000e+00,0.000000e+00,0.000000e+00,129,357
0.000000e+00,8.702996e-08,3.730220e-08,6.009462e-07,0.000000e+00,0.000000e+00,0.000000e+00,0.000000e+00,0.000000e+00,0.000000e+00,0.000000e+00,130,357
0.000000e+00,-1.091500e-08,-1.082991e-07,4.763866e-07,0.000000e+00,0.000000e+00,0.000000e+00,0.000000e+00,0.000000e+00,0.000000e+00,0.000000e+00,131,357
0.000000e+00,2.092961e-07,-5.098492e-08,5.462902e-07,0.000000e+00,0.000000e+00,0.000000e+00,0.000000e+00,0.000000e+00,0.000000e+00,0.000000e+00,132,357
0.000000e+00,7.635466e-08,9.400425e-08,5.058404e-07,0.000000e+00,0.000000e+00,0.000000e+00,0.000000e+00,0.000000e+00,0.000000e+00,0.000000e+00,133,357
0.000000e+00,-2.853086e-07,2.536778e-08,3.925195e-07,0.000000e+00,0.000000e+00,0.000000e+00,0.000000e+00,0.000000e+00,0.000000e+00,0.000000e+00,134,357
0.000000e+00,-2.306932e-07,-5.732035e-08,2.603601e-07,0.000000e+00,0.000000e+00,0.000000e+00,0.000000e+00,0.000000e+00,0.000000e+00,0.000000e+00,135,357
0.000000e+00,1.610199e-07,8.492137e-08,5.438016e-07,0.000000e+00,0.000000e+00,0.000000e+00,0.000000e+00,0.000000e+00,0.000000e+00,0.000000e+00,136,357
0.000000e+00,9.420568e-08,2.624968e-07,3.868993e-07,0.000000e+00,0.000000e+00,0.000000e+00,0.000000e+00,0.000000e+00,0.000000e+00,0.000000e+00,137,357
0.000000e+00,-1.624499e-07,6.192497e-08,2.907490e-07,0.000000e+00,0.000000e+00,0.000000e+00,0.000000e+00,0.000000e+00,0.000000e+00,0.000000e+00,138,357
0.000000e+00,1.912654e-07,2.159990e-07,3.744618e-07,0.000000e+00,0.000000e+00,0.000000e+00,0.000000e+00,0.000000e+00,0.000000e+00,0.000000e+00,139,357
0.000000e+00,1.217505e-08,-2.778544e-08,1.071562e-07,0.000000e+00,0.000000e+00,0.000000e+00,0.000000e+00,0.000000e+00,0.000000e+00,0.000000e+00,140,357
0.000000e+00,-2.405253e-07,-1.018074e-07,2.829262e-07,0.000000e+00,0.000000e+00,0.000000e+00,0.000000e+00,0.000000e+00,0.000000e+00,0.000000e+00,141,357
0.000000e+00,5.320534e-08,1.271574e-07,2.881727e-07,0.000000e+00,0.000000e+00,0.000000e+00,0.000000e+00,0.000000e+00,0.000000e+00,0.000000e+00,142,357
0.000000e+00,7.375546e-08,-9.040869e-08,1.315806e-07,0.000000e+00,0.000000e+00,0.000000e+00,0.000000e+00,0.000000e+00,0.000000e+00,0.000000e+00,143,357
0.000000e+00,-6.554916e-08,2.254111e-07,3.997972e-07,0.000000e+00,0.000000e+00,0.000000e+00,0.000000e+00,0.000000e+00,0.000000e+00,0.000000e+00,144,357
0.000000e+00,-3.301905e-08,1.257194e-07,1.304895e-07,0.000000e+00,0.000000e+00,0.000000e+00,0.000000e+00,0.000000e+00,0.000000e+00,0.000000e+00,145,357
0.000000e+00,-8.066739e-09,-2.241747e-08,5.232985e-07,0.000000e+00,0.000000e+00,0.000000e+00,0.000000e+00,0.000000e+00,0.000000e+00,0.000000e+00,146,357
0.000000e+00,1.174183e-07,-1.262184e-07,5.729000e-07,0.000000e+00,0.000000e+00,0.000000e+00,0.000000e+00,0.000000e+00,0.000000e+00,0.000000e+00,147,357
0.000000e+00,-2.098495e-07,1.180840e-07,2.477537e-07,0.000000e+00,0.000000e+00,0.000000e+00,0.000000e+00,0.000000e+00,0.000000e+00,0.000000e+00,148,357
0.000000e+00,1.181740e-07,-6.006448e-08,4.539818e-07,0.000000e+00,0.000000e+00,0.000000e+00,0.000000e+00,0.000000e+00,0.000000e+00,0.000000e+00,149,357
0.000000e+00,4.209576e-08,2.079289e-07,5.492440e-07,0.000000e+00,0.000000e+00,0.000000e+00,0.000000e+00,0.000000e+00,0.000000e+00,0.000000e+00,150,357
0.000000e+00,-1.536264e-07,-4.255077e-08,6.012380e-07,0.000000e+00,0.000000e+00,0.000000e+00,0.000000e+00,0.000000e+00,0.000000e+00,0.000000e+00,151,357
0.000000e+00,-2.435906e-07,-1.505417e-07,4.550624e-07,0.000000e+00,0.000000e+00,0.000000e+00,0.000000e+00,0.000000e+00,0.000000e+00,0.000000e+00,152,357
0.000000e+00,-1.665687e-07,1.161196e-07,3.993671e-07,0.000000e+00,0.000000e+00,0.000000e+00,0.000000e+00,0.000000e+00,0.000000e+00,0.000000e+00,153,357
0.000000e+00,7.362840e-08,-7.277814e-08,2.783618e-07,0.000000e+00,0.000000e+00,0.000000e+00,0.000000e+00,0.000000e+00,0.000000e+00,0.000000e+00,154,357
0.000000e+00,-6.515287e-08,2.101939e-07,4.571347e-07,0.000000e+00,0.000000e+00,0.000000e+00,0.000000e+00,0.000000e+00,0.000000e+00,0.000000e+00,155,357
0.000000e+00,2.986963e-08,2.148014e-07,2.203844e-07,0.000000e+00,0.000000e+00,0.000000e+00,0.000000e+00,0.000000e+00,0.000000e+00,0.000000e+00,156,357
0.000000e+00,-2.319115e-07,5.009157e-08,2.387689e-07,0.000000e+00,0.000000e+00,0.000000e+00,0.000000e+00,0.000000e+00,0.000000e+00,0.000000e+00,157,357
0.000000e+00,-1.043016e-07,1.754535e-08,4.456275e-07,0.000000e+00,0.000000e+00,0.000000e+00,0.000000e+00,0.000000e+00,0.000000e+00,0.000000e+00,158,357
0.000000e+00,-1.422122e-07,2.224738e-08,2.697920e-07,0.000000e+00,0.000000e+00,0.000000e+00,0.000000e+00,0.000000e+00,0.000000e+00,0.000000e+00,159,357
0.000000e+00,1.626895e-09,-7.562205e-08,3.913084e-07,0.000000e+00,0.000000e+00,0.000000e+00,0.000000e+00,0.000000e+00,0.000000e+00,0.000000e+00,160,357
0.000000e+00,-6.479032e-08,1.769924e-07,5.422437e-07,0.000000e+00,0.000000e+00,0.000000e+00,0.000000e+00,0.000000e+00,0.000000e+00,0.000000e+00,161,357
0.000000e+00,2.678820e-07,7.588691e-08,4.573881e-07,0.000000e+00,0.000000e+00,0.000000e+00,0.000000e+00,0.000000e+00,0.000000e+00,0.000000e+00,162,357
0.000000e+00,2.010294e-07,-4.925482e-08,3.793244e-07,0.000000e+00,0.000000e+00,0.000000e+00,0.000000e+00,0.000000e+00,0.000000e+00,0.000000e+00,163,357
0.000000e+00,1.135313e-07,1.269879e-07,3.205682e-07,0.000000e+00,0.000000e+00,0.000000e+00,0.000000e+00,0.000000e+00,0.000000e+00,0.000000e+00,164,357
0.000000e+00,1.236524e-07,-4.853428e-08,3.569814e-07,0.000000e+00,0.000000e+00,0.000000e+00,0.000000e+00,0.000000e+00,0.000000e+00,0.000000e+00,165,357
0.000000e+00,1.472993e-08,1.212089e-07,4.886669e-07,0.000000e+00,0.000000e+00,0.000000e+00,0.000000e+00,0.000000e+00,0.000000e+00,0.000000e+00,166,357
0.000000e+00,2.634337e-07,1.169075e-07,3.407421e-07,0.000000e+00,0.000000e+00,0.000000e+00,0.000000e+00,0.000000e+00,0.000000e+00,0.000000e+00,167,357
0.000000e+00,1.249221e-07,-1.163426e-07,2.489233e-07,0.000000e+00,0.000000e+00,0.000000e+00,0.000000e+00,0.000000e+00,0.000000e+00,0.000000e+00,168,357
0.000000e+00,-1.933505e-07,7.750357e-08,2.099079e-07,0.000000e+00,0.000000e+00,0.000000e+00,0.000000e+00,0.000000e+00,0.000000e+00,0.000000e+00,169,357
0.000000e+00,7.831297e-08,2.289996e-08,6.117263e-07,0.000000e+00,0.000000e+00,0.000000e+00,0.000000e+00,0.000000e+00,0.000000e+00,0.000000e+00,170,357
0.000000e+00,-3.019783e-08,-2.923318e-08,4.782027e-07,0.000000e+00,0.000000e+00,0.000000e+00,0.000000e+00,0.000000e+00,0.000000e+00,0.000000e+00,171,357
0.000000e+00,-8.803837e-08,1.260055e-07,2.179238e-07,0.000000e+00,0.000000e+00,0.000000e+00,0.000000e+00,0.000000e+00,0.000000e+00,0.000000e+00,172,357
0.000000e+00,-1.270929e-07,-4.977855e-08,2.445776e-07,0.000000e+00,0.000000e+00,0.000000e+00,0.000000e+00,0.000000e+00,0.000000e+00,0.000000e+00,173,357
0.000000e+00,-1.503837e-07,-6.383938e-08,2.191365e-07,0.000000e+00,0.000000e+00,0.000000e+00,0.000000e+00,0.000000e+00,0.000000e+00,0.000000e+00,174,357
0.000000e+00,5.366022e-08,1.943504e-07,4.642139e-07,0.000000e+00,0.000000e+00,0.000000e+00,0.000000e+00,0.000000e+00,0.000000e+00,0.000000e+00,175,357
0.000000e+00,-1.983878e-07,6.192163e-08,2.380365e-07,0.000000e+00,0.000000e+00,0.000000e+00,0.000000e+00,0.000000e+00,0.000000e+00,0.000000e+00,176,357
0.000000e+00,1.315494e-07,-5.616477e-08,5.165168e-07,0.000000e+00,0.000000e+00,0.000000e+00,0.000000e+00,0.000000e+00,0.000000e+00,0.000000e+00,177,357
0.000000e+00,-7.185977e-08,2.609322e-07,4.832531e-07,0.000000e+00,0.000000e+00,0.000000e+00,0.000000e+00,0.000000e+00,0.000000e+00,0.000000e+00,178,357
0.000000e+00,-1.372352e-07,-2.070609e-07,5.086640e-07,0.000000e+00,0.000000e+00,0.000000e+00,0.000000e+00,0.000000e+00,0.000000e+00,0.000000e+00,179,357
0.000000e+00,4.333478e-08,1.672302e-07,2.524853e-07,0.000000e+00,0.000000e+00,0.000000e+00,0.000000e+00,0.000000e+00,0.000000e+00,0.000000e+00,180,357
0.000000e+00,-1.599573e-07,-1.667512e-08,4.040753e-07,0.000000e+00,0.000000e+00,0.000000e+00,0.000000e+00,0.000000e+00,0.000000e+00,0.000000e+00,181,357
0.000000e+00,1.683902e-07,1.611233e-07,2.672604e-07,0.000000e+00,0.000000e+00,0.000000e+00,0.000000e+00,0.000000e+00,0.000000e+00,0.000000e+00,182,357
0.000000e+00,-9.213768e-08,-8.201274e-08,3.373687e-07,0.000000e+00,0.000000e+00,0.000000e+00,0.000000e+00,0.000000e+00,0.000000e+00,0.000000e+00,183,357
0.000000e+00,-9.049432e-08,-9.086844e-08,3.064000e-07,0.000000e+00,0.000000e+00,0.000000e+00,0.000000e+00,0.000000e+00,0.000000e+00,0.000000e+00,184,357
0.000000e+00,-5.847978e-08,1.194217e-07,3.367408e-07,0.000000e+00,0.000000e+00,0.000000e+00,0.000000e+00,0.000000e+00,0.000000e+00,0.000000e+00,185,357
0.000000e+00,1.394530e-08,7.692071e-08,3.252530e-07,0.000000e+00,0.000000e+00,0.000000e+00,0.000000e+00,0.000000e+00,0.000000e+00,0.000000e+00,186,357
0.000000e+00,-1.039978e-07,1.503284e-07,6.147411e-07,0.000000e+00,0.000000e+00,0.000000e+00,0.000000e+00,0.000000e+00,0.000000e+00,0.000000e+00,187,357
0.000000e+00,2.470785e-07,-8.154685e-08,3.919779e-07,0.000000e+00,0.000000e+00,0.000000e+00,0.000000e+00,0.000000e+00,0.000000e+00,0.000000e+00,188,357
0.000000e+00,1.280307e-07,-2.109463e-07,2.358395e-07,0.000000e+00,0.000000e+00,0.000000e+00,0.000000e+00,0.000000e+00,0.000000e+00,0.000000e+00,189,357
0.000000e+00,-7.721023e-08,1.981583e-07,4.293681e-07,0.000000e+00,0.000000e+00,0.000000e+00,0.000000e+00,0.000000e+00,0.000000e+00,0.000000e+00,190,357
0.000000e+00,3.443017e-08,2.043564e-07,3.785390e-07,0.000000e+00,0.000000e+00,0.000000e+00,0.000000e+00,0.000000e+00,0.000000e+00,0.000000e+00,191,357
0.000000e+00,1.305529e-07,7.313943e-08,5.081004e-07,0.000000e+00,0.000000e+00,0.000000e+00,0.000000e+00,0.000000e+00,0.000000e+00,0.000000e+00,192,357
0.000000e+00,2.997773e-08,5.609012e-08,5.157203e-07,0.000000e+00,0.000000e+00,0.000000e+00,0.000000e+00,0.000000e+00,0.000000e+00,0.000000e+00,193,357
0.000000e+00,2.661760e-07,1.528675e-08,3.040284e-07,0.000000e+00,0.000000e+00,0.000000e+00,0.000000e+00,0.000000e+00,0.000000e+00,0.000000e+00,194,357
0.000000e+00,-9.685158e-08,-9.354386e-08,1.354359e-07,0.000000e+00,0.000000e+00,0.000000e+00,0.000000e+00,0.000000e+00,0.000000e+00,0.000000e+00,195,357
0.000000e+00,-1.569868e-07,-6.979770e-08,5.503440e-07,0.000000e+00,0.000000e+00,0.000000e+00,0.000000e+00,0.000000e+00,0.000000e+00,0.000000e+00,196,357
0.000000e+00,-4.513787e-11,-1.416287e-07,3.380314e-07,0.000000e+00,0.000000e+00,0.000000e+00,0.000000e+00,0.000000e+00,0.000000e+00,0.000000e+00,197,357
0.000000e+00,3.231586e-08,-8.168928e-08,3.147831e-07,0.000000e+00,0.000000e+00,0.000000e+00,0.000000e+00,0.000000e+00,0.000000e+00,0.000000e+00,198,357
0.000000e+00,1.748245e-07,-1.817538e-07,2.871672e-07,0.000000e+00,0.000000e+00,0.000000e+00,0.000000e+00,0.000000e+00,0.000000e+00,0.000000e+00,199,357
0.000000e+00,2.131115e-07,-2.302802e-08,3.457650e-07,0.000000e+00,0.000000e+00,0.000000e+00,0.000000e+00,0.000000e+00,0.000000e+00,0.000000e+00,200,357
0.000000e+00,4.797109e-08,2.118706e-07,3.142850e-07,0.000000e+00,0.000000e+00,0.000000e+00,0.000000e+00,0.000000e+00,0.000000e+00,0.000000e+00,201,357
0.000000e+00,6.204636e-08,-2.513248e-09,6.045953e-07,0.000000e+00,0.000000e+00,0.000000e+00,0.000000e+00,0.000000e+00,0.000000e+00,0.000000e+00,202,357
0.000000e+00,-5.213090e-08,1.014539e-07,2.360253e-07,0.000000e+00,0.000000e+00,0.000000e+00,0.000000e+00,0.000000e+00,0.000000e+00,0.000000e+00,203,357
0.000000e+00,1.421478e-07,-2.217936e-08,3.030574e-07,0.000000e+00,0.000000e+00,0.000000e+00,0.000000e+00,0.000000e+00,0.000000e+00,0.000000e+00,204,357
0.000000e+00,4.647376e-08,-4.519690e-08,5.344255e-07,0.000000e+00,0.000000e+00,0.000000e+00,0.000000e+00,0.000000e+00,0.000000e+00,0.000000e+00,205,357
0.000000e+00,1.847606e-07,3.365801e-08,3.906580e-07,0.000000e+00,0.000000e+00,0.000000e+00,0.000000e+00,0.000000e+00,0.000000e+00,0.000000e+00,206,357
0.000000e+00,6.293138e-08,7.478096e-08,1.220786e-07,0.000000e+00,0.000000e+00,0.000000e+00,0.000000e+00,0.000000e+00,0.000000e+00,0.000000e+00,207,357
0.000000e+00,1.645823e-07,8.540322e-08,1.932375e-07,0.000000e+00,0.000000e+00,0.000000e+00,0.000000e+00,0.000000e+00,0.000000e+00,0.000000e+00,208,357
0.000000e+00,1.329609e-07,-1.382023e-07,3.231376e-07,0.000000e+00,0.000000e+00,0.000000e+00,0.000000e+00,0.000000e+00,0.000000e+00,0.000000e+00,209,357
0.000000e+00,-7.527335e-08,2.794088e-08,1.490397e-07,0.000000e+00,0.000000e+00,0.000000e+00,0.000000e+00,0.000000e+00,0.000000e+00,0.000000e+00,210,357
0.000000e+00,-7.220244e-08,2.748216e-07,4.216390e-07,0.000000e+00,0.000000e+00,0.000000e+00,0.000000e+00,0.000000e+00,0.000000e+00,0.000000e+00,211,357
0.000000e+00,-7.019809e-09,-2.142767e-07,2.620444e-07,0.000000e+00,0.000000e+00,0.000000e+00,0.000000e+00,0.000000e+00,0.000000e+00,0.000000e+00,212,357
0.000000e+00,-2.105430e-07,2.716986e-08,3.149501e-07,0.000000e+00,0.000000e+00,0.000000e+00,0.000000e+00,0.000000e+00,0.000000e+00,0.000000e+00,213,357
0.000000e+00,1.393285e-07,-8.303687e-08,4.609460e-07,0.000000e+00,0.000000e+00,0.000000e+00,0.000000e+00,0.000000e+00,0.000000e+00,0.000000e+00,214,357
0.000000e+00,1.723805e-07,1.269530e-07,2.002629e-07,0.000000e+00,0.000000e+00,0.000000e+00,0.000000e+00,0.000000e+00,0.000000e+00,0.000000e+00,215,357
0.000000e+00,1.253966e-07,1.727928e-07,2.348559e-07,0.000000e+00,0.000000e+00,0.000000e+00,0.000000e+00,0.000000e+00,0.000000e+00,0.000000e+00,216,357
0.000000e+00,9.596527e-08,-8.881752e-08,4.598457e-07,0.000000e+00,0.000000e+00,0.000000e+00,0.000000e+00,0.000000e+00,0.000000e+00,0.000000e+00,217,357
0.000000e+00,1.411350e-07,1.428797e-07,3.658582e-07,0.000000e+00,0.000000e+00,0.000000e+00,0.000000e+00,0.000000e+00,0.000000e+00,0.000000e+00,218,357
0.000000e+00,9.588784e-08,-1.671480e-07,2.134320e-07,0.000000e+00,0.000000e+00,0.000000e+00,0.000000e+00,0.000000e+00,0.000000e+00,0.000000e+00,219,357
0.000000e+00,8.278946e-08,7.773608e-08,4.158669e-07,0.000000e+00,0.000000e+00,0.000000e+00,0.000000e+00,0.000000e+00,0.000000e+00,0.000000e+00,220,357
0.000000e+00,-7.193575e-08,-6.663688e-08,6.197858e-07,0.000000e+00,0.000000e+00,0.000000e+00,0.000000e+00,0.000000e+00,0.000000e+00,0.000000e+00,221,357
0.000000e+00,-1.652130e-07,1.268578e-07,5.527130e-07,0.000000e+00,0.000000e+00,0.000000e+00,0.000000e+00,0.000000e+00,0.000000e+00,0.000000e+00,222,357
0.000000e+00,-1.006226e-07,-8.900661e-08,4.695312e-07,0.000000e+00,0.000000e+00,0.000000e+00,0.000000e+00,0.000000e+00,0.000000e+00,0.000000e+00,223,357
0.000000e+00,1.036352e-07,-1.263417e-08,5.491762e-07,0.000000e+00,0.000000e+00,0.000000e+00,0.000000e+00,0.000000e+00,0.000000e+00,0.000000e+00,224,357
0.000000e+00,-1.806892e-08,-5.168346e-08,5.322732e-07,0.000000e+00,0.000000e+00,0.000000e+00,0.000000e+00,0.000000e+00,0.000000e+00,0.000000e+00,225,357
0.000000e+00,1.989693e-07,5.182842e-08,5.075310e-07,0.000000e+00,0.000000e+00,0.000000e+00,0.000000e+00,0.000000e+00,0.000000e+00,0.000000e+00,226,357
0.000000e+00,1.148431e-07,-3.108549e-08,5.418119e-07,0.000000e+00,0.000000e+00,0.000000e+00,0.000000e+00,0.000000e+00,0.000000e+00,0.000000e+00,227,357
0.000000e+00,-1.098613e-07,3.129916e-09,4.720080e-07,0.000000e+00,0.000000e+00,0.000000e+00,0.000000e+00,0.000000e+00,0.000000e+00,0.000000e+00,228,357
0.000000e+00,1.175013e-07,-4.660949e-08,3.436803e-07,0.000000e+00,0.000000e+00,0.000000e+00,0.000000e+00,0.000000e+00,0.000000e+00,0.000000e+00,229,357
0.000000e+00,1.937111e-07,-9.048753e-08,5.753157e-07,0.000000e+00,0.000000e+00,0.000000e+00,0.000000e+00,0.000000e+00,0.000000e+00,0.000000e+00,230,357
0.000000e+00,1.779737e-07,-4.498868e-08,1.640226e-07,0.000000e+00,0.000000e+00,0.000000e+00,0.000000e+00,0.000000e+00,0.000000e+00,0.000000e+00,231,357
0.000000e+00,1.812457e-07,-1.460270e-07,5.121914e-07,0.000000e+00,0.000000e+00,0.000000e+00,0.000000e+00,0.000000e+00,0.000000e+00,0.000000e+00,232,357
0.000000e+00,-2.298290e-07,8.677001e-08,4.477499e-07,0.000000e+00,0.000000e+00,0.000000e+00,0.000000e+00,0.000000e+00,0.000000e+00,0.000000e+00,233,357
0.000000e+00,-9.303068e-09,-7.918982e-08,6.725382e-07,0.000000e+00,0.000000e+00,0.000000e+00,0.000000e+00,0.000000e+00,0.000000e+00,0.000000e+00,234,357
0.000000e+00,1.542598e-07,2.247164e-07,4.238208e-07,0.000000e+00,0.000000e+00,0.000000e+00,0.000000e+00,0.000000e+00,0.000000e+00,0.000000e+00,235,357
0.000000e+00,-9.635136e-08,7.302304e-09,3.220900e-07,0.000000e+00,0.000000e+00,0.000000e+00,0.000000e+00,0.000000e+00,0.000000e+00,0.000000e+00,236,357
0.000000e+00,1.392492e-07,1.894685e-07,3.563422e-07,0.000000e+00,0.000000e+00,0.000000e+00,0.000000e+00,0.000000e+00,0.000000e+00,0.000000e+00,237,357
0.000000e+00,-9.798664e-08,-3.036829e-08,3.205039e-07,0.000000e+00,0.000000e+00,0.000000e+00,0.000000e+00,0.000000e+00,0.000000e+00,0.000000e+00,238,357
0.000000e+00,-2.846642e-08,2.133593e-08,3.049111e-07,0.000000e+00,0.000000e+00,0.000000e+00,0.000000e+00,0.000000e+00,0.000000e+00,0.000000e+00,239,357
0.000000e+00,-1.718339e-07,2.193587e-07,4.828364e-07,0.000000e+00,0.000000e+00,0.000000e+00,0.000000e+00,0.000000e+00,0.000000e+00,0.000000e+00,240,357
0.000000e+00,-1.502965e-07,-3.394195e-08,3.556206e-07,0.000000e+00,0.000000e+00,0.000000e+00,0.000000e+00,0.000000e+00,0.000000e+00,0.000000e+00,241,357
0.000000e+00,2.591646e-07,1.381281e-07,3.793648e-07,0.000000e+00,0.000000e+00,0.000000e+00,0.000000e+00,0.000000e+00,0.000000e+00,0.000000e+00,242,357
0.000000e+00,-1.527373e-07,7.870630e-09,4.229167e-07,0.000000e+00,0.000000e+00,0.000000e+00,0.000000e+00,0.000000e+00,0.000000e+00,0.000000e+00,243,357
0.000000e+00,-9.671775e-08,-1.537905e-07,3.901097e-07,0.000000e+00,0.000000e+00,0.000000e+00,0.000000e+00,0.000000e+00,0.000000e+00,0.000000e+00,244,357
0.000000e+00,1.412976e-08,-1.603281e-07,4.960174e-07,0.000000e+00,0.000000e+00,0.000000e+00,0.000000e+00,0.000000e+00,0.000000e+00,0.000000e+00,245,357
0.000000e+00,-8.154673e-08,5.288723e-08,3.249713e-07,0.000000e+00,0.000000e+00,0.000000e+00,0.000000e+00,0.000000e+00,0.000000e+00,0.000000e+00,246,357
0.000000e+00,1.660474e-07,-1.941346e-07,4.798772e-07,0.000000e+00,0.000000e+00,0.000000e+00,0.000000e+00,0.000000e+00,0.000000e+00,0.000000e+00,247,357
0.000000e+00,-2.434280e-07,-2.644383e-08,2.891566e-07,0.000000e+00,0.000000e+00,0.000000e+00,0.000000e+00,0.000000e+00,0.000000e+00,0.000000e+00,248,357
0.000000e+00,-8.589639e-08,1.736807e-07,3.406877e-07,0.000000e+00,0.000000e+00,0.000000e+00,0.000000e+00,0.000000e+00,0.000000e+00,0.000000e+00,249,357
0.000000e+00,-2.086357e-08,-1.411771e-07,6.489266e-07,0.000000e+00,0.000000e+00,0.000000e+00,0.000000e+00,0.000000e+00,0.000000e+00,0.000000e+00,250,357
0.000000e+00,9.801072e-08,1.739196e-07,3.382757e-07,0.000000e+00,0.000000e+00,0.000000e+00,0.000000e+00,0.000000e+00,0.000000e+00,0.000000e+00,251,357
0.000000e+00,-3.173024e-08,1.755235e-07,4.519347e-07,0.000000e+00,0.000000e+00,0.000000e+00,0.000000e+00,0.000000e+00,0.000000e+00,0.000000e+00,252,357
0.000000e+00,1.607798e-07,-2.249476e-08,5.301790e-07,0.000000e+00,0.000000e+00,0.000000e+00,0.000000e+00,0.000000e+00,0.000000e+00,0.000000e+00,253,357
0.000000e+00,-1.266706e-08,1.306490e-07,1.480109e-07,0.000000e+00,0.000000e+00,0.000000e+00,0.000000e+00,0.000000e+00,0.000000e+00,0.000000e+00,254,357
0.000000e+00,2.176280e-07,-6.282874e-08,4.772613e-07,0.000000e+00,0.000000e+00,0.000000e+00,0.000000e+00,0.000000e+00,0.000000e+00,0.000000e+00,255,357
0.000000e+00,-1.718570e-07,2.383113e-07,4.262362e-07,0.000000e+00,0.000000e+00,0.000000e+00,0.000000e+00,0.000000e+00,0.000000e+00,0.000000e+00,256,357
0.000000e+00,5.417319e-08,8.060489e-08,3.385906e-07,0.000000e+00,0.000000e+00,0.000000e+00,0.000000e+00,0.000000e+00,0.000000e+00,0.000000e+00,257,357
0.000000e+00,6.543766e-08,-1.379395e-07,4.403434e-07,0.000000e+00,0.000000e+00,0.000000e+00,0.000000e+00,0.000000e+00,0.000000e+00,0.000000e+00,258,357
0.000000e+00,4.926183e-08,2.474260e-07,4.040468e-07,0.000000e+00,0.000000e+00,0.000000e+00,0.000000e+00,0.000000e+00,0.000000e+00,0.000000e+00,259,357
0.000000e+00,-7.248029e-08,-2.367905e-07,2.443214e-07,0.000000e+00,0.000000e+00,0.000000e+00,0.000000e+00,0.000000e+00,0.000000e+00,0.000000e+00,260,357
0.000000e+00,-6.361495e-08,9.966191e-08,1.833741e-07,0.000000e+00,0.000000e+00,0.000000e+00,0.000000e+00,0.000000e+00,0.000000e+00,0.000000e+00,261,357
0.000000e+00,1.610224e-08,-6.821608e-08,2.662703e-07,0.000000e+00,0.000000e+00,0.000000e+00,0.000000e+00,0.000000e+00,0.000000e+00,0.000000e+00,262,357
0.000000e+00,-9.687532e-08,-1.509144e-08,1.469392e-07,0.000000e+00,0.000000e+00,0.000000e+00,0.000000e+00,0.000000e+00,0.000000e+00,0.000000e+00,263,357
0.000000e+00,-5.080392e-08,-7.813930e-08,5.180759e-07,0.000000e+00,0.000000e+00,0.000000e+00,0.000000e+00,0.000000e+00,0.000000e+00,0.000000e+00,264,357
0.000000e+00,3.331460e-08,2.622664e-07,3.209308e-07,0.000000e+00,0.000000e+00,0.000000e+00,0.000000e+00,0.000000e+00,0.000000e+00,0.000000e+00,265,357
0.000000e+00,2.608887e-08,1.653663e-07,4.123642e-07,0.000000e+00,0.000000e+00,0.000000e+00,0.000000e+00,0.000000e+00,0.000000e+00,0.000000e+00,266,357
0.000000e+00,-5.675746e-08,-4.029425e-08,4.722580e-07,0.000000e+00,0.000000e+00,0.000000e+00,0.000000e+00,0.000000e+00,0.000000e+00,0.000000e+00,267,357
0.000000e+00,-1.556058e-08,-1.626541e-07,1.846278e-07,0.000000e+00,0.000000e+00,0.000000e+00,0.000000e+00,0.000000e+00,0.000000e+00,0.000000e+00,268,357
0.000000e+00,-1.475544e-10,-1.628757e-07,6.131645e-07,0.000000e+00,0.000000e+00,0.000000e+00,0.000000e+00,0.000000e+00,0.000000e+00,0.000000e+00,269,357
0.000000e+00,1.404935e-07,-1.244300e-07,2.201783e-07,0.000000e+00,0.000000e+00,0.000000e+00,0.000000e+00,0.000000e+00,0.000000e+00,0.000000e+00,270,357
0.000000e+00,1.173593e-07,-4.854713e-08,1.441533e-07,0.000000e+00,0.000000e+00,0.000000e+00,0.000000e+00,0.000000e+00,0.000000e+00,0.000000e+00,271,357
0.000000e+00,9.408505e-08,-2.745025e-08,6.253453e-07,0.000000e+00,0.000000e+00,0.000000e+00,0.000000e+00,0.000000e+00,0.000000e+00,0.000000e+00,272,357
0.000000e+00,-4.216000e-08,1.413182e-07,5.400875e-07,0.000000e+00,0.000000e+00,0.000000e+00,0.000000e+00,0.000000e+00,0.000000e+00,0.000000e+00,273,357
0.000000e+00,2.540092e-07,-1.002596e-07,3.334632e-07,0.000000e+00,0.000000e+00,0.000000e+00,0.000000e+00,0.000000e+00,0.000000e+00,0.000000e+00,274,357
0.000000e+00,7.201117e-08,3.378927e-08,2.144599e-07,0.000000e+00,0.000000e+00,0.000000e+00,0.000000e+00,0.000000e+00,0.000000e+00,0.000000e+00,275,357
0.000000e+00,3.698666e-08,-2.219518e-07,4.355588e-07,0.000000e+00,0.000000e+00,0.000000e+00,0.000000e+00,0.000000e+00,0.000000e+00,0.000000e+00,276,357
0.000000e+00,-7.068957e-08,-8.923524e-08,2.095986e-07,0.000000e+00,0.000000e+00,0.000000e+00,0.000000e+00,0.000000e+00,0.000000e+00,0.000000e+00,277,357
0.000000e+00,1.222864e-07,-2.398598e-07,3.890673e-07,0.000000e+00,0.000000e+00,0.000000e+00,0.000000e+00,0.000000e+00,0.000000e+00,0.000000e+00,278,357
0.000000e+00,-8.987674e-08,3.149819e-08,3.894997e-07,0.000000e+00,0.000000e+00,0.000000e+00,0.000000e+00,0.000000e+00,0.000000e+00,0.000000e+00,279,357
0.000000e+00,2.197268e-07,9.277406e-09,4.520273e-07,0.000000e+00,0.000000e+00,0.000000e+00,0.000000e+00,0.000000e+00,0.000000e+00,0.000000e+00,280,357
0.000000e+00,2.238835e-08,2.372207e-07,5.400443e-07,0.000000e+00,0.000000e+00,0.000000e+00,0.000000e+00,0.000000e+00,0.000000e+00,0.000000e+00,281,357
0.000000e+00,4.385848e-08,1.021669e-07,6.282725e-07,0.000000e+00,0.000000e+00,0.000000e+00,0.000000e+00,0.000000e+00,0.000000e+00,0.000000e+00,282,357
0.000000e+00,-2.095969e-07,-1.544886e-07,4.077829e-07,0.000000e+00,0.000000e+00,0.000000e+00,0.000000e+00,0.000000e+00,0.000000e+00,0.000000e+00,283,357
0.000000e+00,-4.707504e-08,-1.958405e-07,3.372386e-07,0.000000e+00,0.000000e+00,0.000000e+00,0.000000e+00,0.000000e+00,0.000000e+00,0.000000e+00,284,357
0.000000e+00,-2.409431e-07,-1.011794e-07,4.425967e-07,0.000000e+00,0.000000e+00,0.000000e+00,0.000000e+00,0.000000e+00,0.000000e+00,0.000000e+00,285,357
0.000000e+00,-1.046596e-07,-1.528415e-07,5.713324e-07,0.000000e+00,0.000000e+00,0.000000e+00,0.000000e+00,0.000000e+00,0.000000e+00,0.000000e+00,286,357
0.000000e+00,1.055575e-07,1.661155e-07,1.830196e-07,0.000000e+00,0.000000e+00,0.000000e+00,0.000000e+00,0.000000e+00,0.000000e+00,0.000000e+00,287,357
0.000000e+00,1.052547e-07,8.787895e-08,4.319157e-07,0.000000e+00,0.000000e+00,0.000000e+00,0.000000e+00,0.000000e+00,0.000000e+00,0.000000e+00,288,357
0.000000e+00,-1.725482e-07,7.022405e-09,4.641492e-07,0.000000e+00,0.000000e+00,0.000000e+00,0.000000e+00,0.000000e+00,0.000000e+00,0.000000e+00,289,357
0.000000e+00,2.242619e-08,-6.514609e-08,4.732739e-07,0.000000e+00,0.000000e+00,0.000000e+00,0.000000e+00,0.000000e+00,0.000000e+00,0.000000e+00,290,357
0.000000e+00,-9.729167e-08,-6.612140e-08,5.923124e-07,0.000000e+00,0.000000e+00,0.000000e+00,0.000000e+00,0.000000e+00,0.000000e+00,0.000000e+00,291,357
0.000000e+00,-4.720769e-08,1.719483e-07,6.288120e-07,0.000000e+00,0.000000e+00,0.000000e+00,0.000000e+00,0.000000e+00,0.000000e+00,0.000000e+00,292,357
0.000000e+00,-8.239929e-08,-1.025942e-07,5.077020e-07,0.000000e+00,0.000000e+00,0.000000e+00,0.000000e+00,0.000000e+00,0.000000e+00,0.000000e+00,293,357
0.000000e+00,-7.670720e-08,-1.347871e-07,4.181202e-07,0.000000e+00,0.000000e+00,0.000000e+00,0.000000e+00,0.000000e+00,0.000000e+00,0.000000e+00,294,357
0.000000e+00,1.606625e-07,-1.117013e-07,3.836363e-07,0.000000e+00,0.000000e+00,0.000000e+00,0.000000e+00,0.000000e+00,0.000000e+00,0.000000e+00,295,357
0.000000e+00,-1.456042e-07,-5.190115e-08,2.643620e-07,0.000000e+00,0.000000e+00,0.000000e+00,0.000000e+00,0.000000e+00,0.000000e+00,0.000000e+00,296,357
0.000000e+00,-2.601012e-08,-1.386796e-07,3.903330e-07,0.000000e+00,0.000000e+00,0.000000e+00,0.000000e+00,0.000000e+00,0.000000e+00,0.000000e+00,297,357
0.000000e+00,1.932306e-07,-1.683151e-07,3.838199e-07,0.000000e+00,0.000000e+00,0.000000e+00,0.000000e+00,0.000000e+00,0.000000e+00,0.000000e+00,298,357
0.000000e+00,-1.457543e-07,1.636475e-07,5.343250e-07,0.000000e+00,0.000000e+00,0.000000e+00,0.000000e+00,0.000000e+00,0.000000e+00,0.000000e+00,299,357
0.000000e+00,-1.575058e-07,1.344333e-07,3.168556e-07,0.000000e+00,0.000000e+00,0.000000e+00,0.000000e+00,0.000000e+00,0.000000e+00,0.000000e+00,300,357
0.000000e+00,-4.187830e-08,-1.579868e-07,3.706778e-07,0.000000e+00,0.000000e+00,0.000000e+00,0.000000e+00,0.000000e+00,0.000000e+00,0.000000e+00,301,357
0.000000e+00,-2.112734e-07,-1.117281e-07,4.058371e-07,0.000000e+00,0.000000e+00,0.000000e+00,0.000000e+00,0.000000e+00,0.000000e+00,0.000000e+00,302,357
0.000000e+00,-1.002622e-07,1.539345e-07,3.813717e-07,0.000000e+00,0.000000e+00,0.000000e+00,0.000000e+00,0.000000e+00,0.000000e+00,0.000000e+00,303,357
0.000000e+00,6.756907e-09,9.358991e-08,5.056582e-07,0.000000e+00,0.000000e+00,0.000000e+00,0.000000e+00,0.000000e+00,0.000000e+00,0.000000e+00,304,357
0.000000e+00,-2.730312e-07,-2.178238e-08,3.184089e-07,0.000000e+00,0.000000e+00,0.000000e+00,0.000000e+00,0.000000e+00,0.000000e+00,0.000000e+00,305,357
0.000000e+00,5.997120e-08,1.380512e-07,2.947862e-07,0.000000e+00,0.000000e+00,0.000000e+00,0.000000e+00,0.000000e+00,0.000000e+00,0.000000e+00,306,357
0.000000e+00,6.662563e-08,1.575685e-07,6.192829e-07,0.000000e+00,0.000000e+00,0.000000e+00,0.000000e+00,0.000000e+00,0.000000e+00,0.000000e+00,307,357
0.000000e+00,-2.286188e-08,-1.578822e-08,2.797747e-07,0.000000e+00,0.000000e+00,0.000000e+00,0.000000e+00,0.000000e+00,0.000000e+00,0.000000e+00,308,357
0.000000e+00,-5.656967e-08,3.507150e-08,5.667782e-07,0.000000e+00,0.000000e+00,0.000000e+00,0.000000e+00,0.000000e+00,0.000000e+00,0.000000e+00,309,357
0.000000e+00,1.142424e-07,-1.774618e-07,5.372001e-07,0.000000e+00,0.000000e+00,0.000000e+00,0.000000e+00,0.000000e+00,0.000000e+00,0.000000e+00,310,357
0.000000e+00,-1.737595e-07,2.045050e-09,5.320013e-07,0.000000e+00,0.000000e+00,0.000000e+00,0.000000e+00,0.000000e+00,0.000000e+00,0.000000e+00,311,357
0.000000e+00,-2.283645e-08,-1.105841e-07,3.749596e-07,0.000000e+00,0.000000e+00,0.000000e+00,0.000000e+00,0.000000e+00,0.000000e+00,0.000000e+00,312,357
0.000000e+00,-1.364329e-07,1.854787e-07,3.989190e-07,0.000000e+00,0.000000e+00,0.000000e+00,0.000000e+00,0.000000e+00,0.000000e+00,0.000000e+00,313,357
0.000000e+00,-5.917936e-08,1.548545e-08,3.627995e-07,0.000000e+00,0.000000e+00,0.000000e+00,0.000000e+00,0.000000e+00,0.000000e+00,0.000000e+00,314,357
0.000000e+00,3.834188e-08,9.816429e-08,3.694534e-07,0.000000e+00,0.000000e+00,0.000000e+00,0.000000e+00,0.000000e+00,0.000000e+00,0.000000e+00,315,357
0.000000e+00,1.654399e-07,1.835914e-07,4.644671e-07,0.000000e+00,0.000000e+00,0.000000e+00,0.000000e+00,0.000000e+00,0.000000e+00,0.000000e+00,316,357
0.000000e+00,9.286241e-08,-2.272881e-07,5.513951e-07,0.000000e+00,0.000000e+00,0.000000e+00,0.000000e+00,0.000000e+00,0.000000e+00,0.000000e+00,317,357
0.000000e+00,-9.377421e-08,-1.484044e-07,4.390951e-07,0.000000e+00,0.000000e+00,0.000000e+00,0.000000e+00,0.000000e+00,0.000000e+00,0.000000e+00,318,357
0.000000e+00,2.119279e-08,5.510382e-08,6.085166e-07,0.000000e+00,0.000000e+00,0.000000e+00,0.000000e+00,0.000000e+00,0.000000e+00,0.000000e+00,319,357
0.000000e+00,-1.708570e-07,-1.311016e-07,3.748310e-07,0.000000e+00,0.000000e+00,0.000000e+00,0.000000e+00,0.000000e+00,0.000000e+00,0.000000e+00,320,357
0.000000e+00,-2.645825e-07,6.623502e-08,3.554514e-07,0.000000e+00,0.000000e+00,0.000000e+00,0.000000e+00,0.000000e+00,0.000000e+00,0.000000e+00,321,357
0.000000e+00,2.273405e-07,-6.746018e-08,4.885250e-07,0.000000e+00,0.000000e+00,0.000000e+00,0.000000e+00,0.000000e+00,0.000000e+00,0.000000e+00,322,357
0.000000e+00,3.183612e-08,9.604485e-09,6.624672e-07,0.000000e+00,0.000000e+00,0.000000e+00,0.000000e+00,0.000000e+00,0.000000e+00,0.000000e+00,323,357
0.000000e+00,-2.007669e-07,-2.543018e-08,2.039948e-07,0.000000e+00,0.000000e+00,0.000000e+00,0.000000e+00,0.000000e+00,0.000000e+00,0.000000e+00,324,357
0.000000e+00,-1.178113e-07,-8.992823e-08,3.453744e-07,0.000000e+00,0.000000e+00,0.000000e+00,0.000000e+00,0.000000e+00,0.000000e+00,0.000000e+00,325,357
0.000000e+00,4.542391e-08,1.985873e-07,3.529066e-07,0.000000e+00,0.000000e+00,0.000000e+00,0.000000e+00,0.000000e+00,0.000000e+00,0.000000e+00,326,357
0.000000e+00,9.332160e-08,-1.184409e-07,5.828890e-07,0.000000e+00,0.000000e+00,0.000000e+00,0.000000e+00,0.000000e+00,0.000000e+00,0.000000e+00,327,357
0.000000e+00,-7.721767e-08,-1.258934e-07,6.272297e-07,0.000000e+00,0.000000e+00,0.000000e+00,0.000000e+00,0.000000e+00,0.000000e+00,0.000000e+00,328,357
0.000000e+00,4.894177e-08,-1.885168e-08,2.541250e-07,0.000000e+00,0.000000e+00,0.000000e+00,0.000000e+00,0.000000e+00,0.000000e+00,0.000000e+00,329,357
0.000000e+00,1.620509e-07,-2.310822e-07,3.691773e-07,0.000000e+00,0.000000e+00,0.000000e+00,0.000000e+00,0.000000e+00,0.000000e+00,0.000000e+00,330,357
0.000000e+00,2.188055e-07,-1.821776e-07,4.268840e-07,0.000000e+00,0.000000e+00,0.000000e+00,0.000000e+00,0.000000e+00,0.000000e+00,0.000000e+00,331,357
0.000000e+00,1.745462e-07,-1.490426e-08,6.219228e-07,0.000000e+00,0.000000e+00,0.000000e+00,0.000000e+00,0.000000e+00,0.000000e+00,0.000000e+00,332,357
0.000000e+00,1.280682e-07,1.211868e-07,3.749920e-07,0.000000e+00,0.000000e+00,0.000000e+00,0.000000e+00,0.000000e+00,0.000000e+00,0.000000e+00,333,357
0.000000e+00,-2.911890e-07,3.709208e-08,3.654636e-07,0.000000e+00,0.000000e+00,0.000000e+00,0.000000e+00,0.000000e+00,0.000000e+00,0.000000e+00,334,357
0.000000e+00,2.570549e-08,-7.309303e-08,2.353550e-07,0.000000e+00,0.000000e+00,0.000000e+00,0.000000e+00,0.000000e+00,0.000000e+00,0.000000e+00,335,357
0.000000e+00,-1.999651e-07,-1.888509e-07,3.942130e-07,0.000000e+00,0.000000e+00,0.000000e+00,0.000000e+00,0.000000e+00,0.000000e+00,0.000000e+00,336,357
0.000000e+00,2.243862e-07,-2.351723e-08,2.498872e-07,0.000000e+00,0.000000e+00,0.000000e+00,0.000000e+00,0.000000e+00,0.000000e+00,0.000000e+00,337,357
0.000000e+00,-9.646813e-08,7.460996e-08,5.676946e-07,0.000000e+00,0.000000e+00,0.000000e+00,0.000000e+00,0.000000e+00,0.000000e+00,0.000000e+00,338,357
0.000000e+00,6.474757e-08,6.048267e-09,3.433526e-07,0.000000e+00,0.000000e+00,0.000000e+00,0.000000e+00,0.000000e+00,0.000000e+00,0.000000e+00,339,357
0.000000e+00,-2.278707e-07,-1.730409e-08,4.097286e-07,0.000000e+00,0.000000e+00,0.000000e+00,0.000000e+00,0.000000e+00,0.000000e+00,0.000000e+00,340,357
0.000000e+00,-4.799802e-08,-6.962394e-08,1.527258e-07,0.000000e+00,0.000000e+00,0.000000e+00,0.000000e+00,0.000000e+00,0.000000e+00,0.000000e+00,341,357
0.000000e+00,-1.888731e-07,1.395073e-07,3.547302e-07,0.000000e+00,0.000000e+00,0.000000e+00,0.000000e+00,0.000000e+00,0.000000e+00,0.000000e+00,342,357
0.000000e+00,3.815149e-08,1.006865e-07,2.101445e-07,0.000000e+00,0.000000e+00,0.000000e+00,0.000000e+00,0.000000e+00,0.000000e+00,0.000000e+00,343,357
0.000000e+00,-6.836735e-08,-6.104762e-08,1.557770e-07,0.000000e+00,0.000000e+00,0.000000e+00,0.000000e+00,0.000000e+00,0.000000e+00,0.000000e+00,344,357
0.000000e+00,-9.584048e-09,-2.330323e-07,5.361134e-07,0.000000e+00,0.000000e+00,0.000000e+00,0.000000e+00,0.000000e+00,0.000000e+00,0.000000e+00,345,357
0.000000e+00,3.878753e-09,6.672836e-08,2.134062e-07,0.000000e+00,0.000000e+00,0.000000e+00,0.000000e+00,0.000000e+00,0.000000e+00,0.000000e+00,346,357
0.000000e+00,1.506497e-07,1.401584e-07,6.066229e-07,0.000000e+00,0.000000e+00,0.000000e+00,0.000000e+00,0.000000e+00,0.000000e+00,0.000000e+00,347,357
0.000000e+00,-2.224469e-07,2.705278e-08,5.480741e-07,0.000000e+00,0.000000e+00,0.000000e+00,0.000000e+00,0.000000e+00,0.000000e+00,0.000000e+00,348,357
0.000000e+00,-1.134135e-07,2.600428e-07,4.254916e-07,0.000000e+00,0.000000e+00,0.000000e+00,0.000000e+00,0.000000e+00,0.000000e+00,0.000000e+00,349,357
0.000000e+00,2.372333e-07,-3.988713e-08,4.645049e-07,0.000000e+00,0.000000e+00,0.000000e+00,0.000000e+00,0.000000e+00,0.000000e+00,0.000000e+00,350,357
0.000000e+00,-7.037012e-08,-1.160634e-07,3.612091e-07,0.000000e+00,0.000000e+00,0.000000e+00,0.000000e+00,0.000000e+00,0.000000e+00,0.000000e+00,351,357
0.000000e+00,-2.141932e-07,1.131500e-07,3.743525e-07,0.000000e+00,0.000000e+00,0.000000e+00,0.000000e+00,0.000000e+00,0.000000e+00,0.000000e+00,352,357
0.000000e+00,1.638869e-08,-2.254955e-07,2.523824e-07,0.000000e+00,0.000000e+00,0.000000e+00,0.000000e+00,0.000000e+00,0.000000e+00,0.000000e+00,353,357
0.000000e+00,-1.716568e-07,1.963049e-07,4.791363e-07,0.000000e+00,0.000000e+00,0.000000e+00,0.000000e+00,0.000000e+00,0.000000e+00,0.000000e+00,354,357
0.000000e+00,-3.535476e-08,-3.348640e-08,2.202981e-07,0.000000e+00,0.000000e+00,0.000000e+00,0.000000e+00,0.000000e+00,0.000000e+00,0.000000e+00,355,357
0.000000e+00,8.028530e-08,1.856186e-07,5.349564e-07,0.000000e+00,0.000000e+00,0.000000e+00,0.000000e+00,0.000000e+00,0.000000e+00,0.000000e+00,356,357
0.000000e+00,-1.264735e-07,-1.301928e-07,2.049506e-07,0.000000e+00,0.000000e+00,0.000000e+00,0.000000e+00,0.000000e+00,0.000000e+00,0.000000e+00,357,357
0.000000e+00,8.178912e-08,3.831675e-08,3.580754e-07,0.000000e+00,0.000000e+00,0.000000e+00,0.000000e+00,0.000000e+00,0.000000e+00,0.000000e+00,358,357
0.000000e+00,-1.796733e-07,5.810652e-08,5.779308e-07,0.000000e+00,0.000000e+00,0.000000e+00,0.000000e+00,0.000000e+00,0.000000e+00,0.000000e+00,359,357
0.000000e+00,1.061969e-07,7.890426e-08,4.908837e-07,0.000000e+00,0.000000e+00,0.000000e+00,0.000000e+00,0.000000e+00,0.000000e+00,0.000000e+00,360,357
0.000000e+00,2.877835e-08,-1.226667e-07,2.980361e-07,0.000000e+00,0.000000e+00,0.000000e+00,0.000000e+00,0.000000e+00,0.000000e+00,0.000000e+00,361,357
0.000000e+00,-4.735351e-08,-9.908010e-08,4.034910e-07,0.000000e+00,0.000000e+00,0.000000e+00,0.000000e+00,0.000000e+00,0.000000e+00,0.000000e+00,362,357
0.000000e+00,-1.193748e-07,1.457526e-07,1.784669e-07,0.000000e+00,0.000000e+00,0.000000e+00,0.000000e+00,0.000000e+00,0.000000e+00,0.000000e+00,363,357
0.000000e+00,-1.874811e-07,1.789062e-07,3.996258e-07,0.000000e+00,0.000000e+00,0.000000e+00,0.000000e+00,0.000000e+00,0.000000e+00,0.000000e+00,364,357
0.000000e+00,2.150336e-07,6.737812e-08,3.126050e-07,0.000000e+00,0.000000e+00,0.000000e+00,0.000000e+00,0.000000e+00,0.000000e+00,0.000000e+00,365,357
0.000000e+00,2.091544e-07,-1.335664e-07,3.360767e-07,0.000000e+00,0.000000e+00,0.000000e+00,0.000000e+00,0.000000e+00,0.000000e+00,0.000000e+00,366,357
0.000000e+00,1.444300e-07,1.247150e-07,1.999564e-07,0.000000e+00,0.000000e+00,0.000000e+00,0.000000e+00,0.000000e+00,0.000000e+00,0.000000e+00,367,357
0.000000e+00,-8.448391e-09,1.990761e-07,3.079790e-07,0.000000e+00,0.000000e+00,0.000000e+00,0.000000e+00,0.000000e+00,0.000000e+00,0.000000e+00,368,357
0.000000e+00,-2.058890e-07,1.760151e-07,4.613346e-07,0.000000e+00,0.000000e+00,0.000000e+00,0.000000e+00,0.000000e+00,0.000000e+00,0.000000e+00,369,357
0.000000e+00,-2.047527e-08,-4.727000e-08,5.435495e-07,0.000000e+00,0.000000e+00,0.000000e+00,0.000000e+00,0.000000e+00,0.000000e+00,0.000000e+00,370,357
0.000000e+00,1.198106e-07,-1.579061e-07,4.903438e-07,0.000000e+00,0.000000e+00,0.000000e+00,0.000000e+00,0.000000e+00,0.000000e+00,0.000000e+00,371,357
0.000000e+00,-6.256322e-08,5.042064e-08,4.337562e-07,0.000000e+00,0.000000e+00,0.000000e+00,0.000000e+00,0.000000e+00,0.000000e+00,0.000000e+00,372,357
0.000000e+00,5.402560e-08,-7.678832e-08,1.228459e-07,0.000000e+00,0.000000e+00,0.000000e+00,0.000000e+00,0.000000e+00,0.000000e+00,0.000000e+00,373,357
0.000000e+00,-5.238003e-08,6.068879e-08,3.920244e-07,0.000000e+00,0.000000e+00,0.000000e+00,0.000000e+00,0.000000e+00,0.000000e+00,0.000000e+00,374,357
0.000000e+00,8.622137e-08,1.523089e-07,6.278114e-07,0.000000e+00,0.000000e+00,0.000000e+00,0.000000e+00,0.000000e+00,0.000000e+00,0.000000e+00,375,357
0.000000e+00,7.415032e-08,-2.485358e-07,3.817340e-07,0.000000e+00,0.000000e+00,0.000000e+00,0.000000e+00,0.000000e+00,0.000000e+00,0.000000e+00,376,357
0.000000e+00,1.217573e-07,1.489809e-07,4.070553e-07,0.000000e+00,0.000000e+00,0.000000e+00,0.000000e+00,0.000000e+00,0.000000e+00,0.000000e+00,377,357
0.000000e+00,-1.389505e-07,3.452279e-08,6.397438e-07,0.000000e+00,0.000000e+00,0.000000e+00,0.000000e+00,0.000000e+00,0.000000e+00,0.000000e+00,378,357
0.000000e+00,2.738173e-07,-2.025283e-08,3.052617e-07,0.000000e+00,0.000000e+00,0.000000e+00,0.000000e+00,0.000000e+00,0.000000e+00,0.000000e+00,379,357
0.000000e+00,-2.031483e-07,4.323491e-08,5.811912e-07,0.000000e+00,0.000000e+00,0.000000e+00,0.000000e+00,0.000000e+00,0.000000e+00,0.000000e+00,380,357
0.000000e+00,2.649272e-08,-1.863463e-07,5.476788e-07,0.000000e+00,0.000000e+00,0.000000e+00,0.000000e+00,0.000000e+00,0.000000e+00,0.000000e+00,381,357
0.000000e+00,-1.246537e-07,1.301810e-08,4.135067e-07,0.000000e+00,0.000000e+00,0.000000e+00,0.000000e+00,0.000000e+00,0.000000e+00,0.000000e+00,382,357
0.000000e+00,3.293609e-08,1.887691e-07,6.100496e-07,0.000000e+00,0.000000e+00,0.000000e+00,0.000000e+00,0.000000e+00,0.000000e+00,0.000000e+00,383,357
0.000000e+00,-2.091556e-07,-1.126890e-08,5.691430e-07,0.000000e+00,0.000000e+00,0.000000e+00,0.000000e+00,0.000000e+00,0.000000e+00,0.000000e+00,384,357
0.000000e+00,-7.056564e-08,2.363471e-07,2.989535e-07,0.000000e+00,0.000000e+00,0.000000e+00,0.000000e+00,0.000000e+00,0.000000e+00,0.000000e+00,385,357
0.000000e+00,-8.171974e-08,1.725159e-07,2.051375e-07,0.000000e+00,0.000000e+00,0.000000e+00,0.000000e+00,0.000000e+00,0.000000e+00,0.000000e+00,386,357
0.000000e+00,1.047638e-08,-1.447790e-07,2.763564e-07,0.000000e+00,0.000000e+00,0.000000e+00,0.000000e+00,0.000000e+00,0.000000e+00,0.000000e+00,387,357
0.000000e+00,-9.787240e-08,-1.790810e-07,4.480027e-07,0.000000e+00,0.000000e+00,0.000000e+00,0.000000e+00,0.000000e+00,0.000000e+00,0.000000e+00,388,357
0.000000e+00,-1.519717e-07,-5.001428e-08,2.128403e-07,0.000000e+00,0.000000e+00,0.000000e+00,0.000000e+00,0.000000e+00,0.000000e+00,0.000000e+00,389,357
0.000000e+00,-8.403359e-08,-7.449151e-08,5.338538e-07,0.000000e+00,0.000000e+00,0.000000e+00,0.000000e+00,0.000000e+00,0.000000e+00,0.000000e+00,390,357
0.000000e+00,2.485721e-07,1.589327e-07,3.950009e-07,0.000000e+00,0.000000e+00,0.000000e+00,0.000000e+00,0.000000e+00,0.000000e+00,0.000000e+00,391,357
0.000000e+00,-1.275712e-08,3.891378e-08,1.832766e-07,0.000000e+00,0.000000e+00,0.000000e+00,0.000000e+00,0.000000e+00,0.000000e+00,0.000000e+00,392,357
0.000000e+00,1.952688e-07,-2.277504e-09,6.152590e-07,0.000000e+00,0.000000e+00,0.000000e+00,0.000000e+00,0.000000e+00,0.000000e+00,0.000000e+00,393,357
0.000000e+00,3.509952e-08,9.759139e-08,4.172681e-07,0.000000e+00,0.000000e+00,0.000000e+00,0.000000e+00,0.000000e+00,0.000000e+00,0.000000e+00,394,357
0.000000e+00,9.246124e-08,-2.487493e-07,3.779364e-07,0.000000e+00,0.000000e+00,0.000000e+00,0.000000e+00,0.000000e+00,0.000000e+00,0.000000e+00,395,357
0.000000e+00,1.008567e-08,-1.985453e-08,1.224313e-07,0.000000e+00,0.000000e+00,0.000000e+00,0.000000e+00,0.000000e+00,0.000000e+00,0.000000e+00,396,357
0.000000e+00,1.991057e-07,1.725514e-07,4.925759e-07,0.000000e+00,0.000000e+00,0.000000e+00,0.000000e+00,0.000000e+00,0.000000e+00,0.000000e+00,397,357
0.000000e+00,2.286571e-07,-1.233549e-08,5.647250e-07,0.000000e+00,0.000000e+00,0.000000e+00,0.000000e+00,0.000000e+00,0.000000e+00,0.000000e+00,398,357
0.000000e+00,2.735148e-08,-6.875052e-08,6.822524e-07,0.000000e+00,0.000000e+00,0.000000e+00,0.000000e+00,0.000000e+00,0.000000e+00,0.000000e+00,399,357
0.000000e+00,4.954429e-08,2.264587e-07,5.770585e-07,0.000000e+00,0.000000e+00,0.000000e+00,0.000000e+00,0.000000e+00,0.000000e+00,0.000000e+00,400,357
0.000000e+00,-1.517502e-08,1.339467e-07,5.661163e-07,0.000000e+00,0.000000e+00,0.000000e+00,0.000000e+00,0.000000e+00,0.000000e+00,0.000000e+00,401,357
0.000000e+00,2.019960e-07,-5.964648e-08,5.322228e-07,0.000000e+00,0.000000e+00,0.000000e+00,0.000000e+00,0.000000e+00,0.000000e+00,0.000000e+00,402,357
0.000000e+00,-1.470093e-07,6.867923e-08,3.699999e-07,0.000000e+00,0.000000e+00,0.000000e+00,0.000000e+00,0.000000e+00,0.000000e+00,0.000000e+00,403,357
0.000000e+00,-4.620170e-08,-7.052680e-08,6.175651e-07,0.000000e+00,0.000000e+00,0.000000e+00,0.000000e+00,0.000000e+00,0.000000e+00,0.000000e+00,404,357
0.000000e+00,6.591080e-08,1.427145e-08,4.522670e-07,0.000000e+00,0.000000e+00,0.000000e+00,0.000000e+00,0.000000e+00,0.000000e+00,0.000000e+00,405,357
0.000000e+00,-2.812406e-08,6.383836e-08,1.522731e-07,0.000000e+00,0.000000e+00,0.000000e+00,0.000000e+00,0.000000e+00,0.000000e+00,0.000000e+00,406,357
0.000000e+00,-1.072587e-07,-7.658719e-08,5.106222e-07,0.000000e+00,0.000000e+00,0.000000e+00,0.000000e+00,0.000000e+00,0.000000e+00,0.000000e+00,407,357
0.000000e+00,1.354186e-07,1.601971e-07,3.021827e-07,0.000000e+00,0.000000e+00,0.000000e+00,0.000000e+00,0.000000e+00,0.000000e+00,0.000000e+00,408,357
0.000000e+00,1.815131e-07,4.066162e-09,1.820027e-07,0.000000e+00,0.000000e+00,0.000000e+00,0.000000e+00,0.000000e+00,0.000000e+00,0.000000e+00,409,357
0.000000e+00,7.803489e-08,1.504428e-07,5.460142e-07,0.000000e+00,0.000000e+00,0.000000e+00,0.000000e+00,0.000000e+00,0.000000e+00,0.000000e+00,410,357
0.000000e+00,-1.097268e-07,-8.911930e-08,4.434896e-07,0.000000e+00,0.000000e+00,0.000000e+00,0.000000e+00,0.000000e+00,0.000000e+00,0.000000e+00,411,357
0.000000e+00,-1.901612e-07,-1.628366e-07,2.577462e-07,0.000000e+00,0.000000e+00,0.000000e+00,0.000000e+00,0.000000e+00,0.000000e+00,0.000000e+00,412,357
0.000000e+00,-3.780613e-08,-8.371372e-09,6.858648e-07,0.000000e+00,0.000000e+00,0.000000e+00,0.000000e+00,0.000000e+00,0.000000e+00,0.000000e+00,413,357
0.000000e+00,4.740688e-08,-1.733472e-07,5.673459e-07,0.000000e+00,0.000000e+00,0.000000e+00,0.000000e+00,0.000000e+00,0.000000e+00,0.000000e+00,414,357
0.000000e+00,1.369676e-08,-1.878961e-07,3.922878e-07,0.000000e+00,0.000000e+00,0.000000e+00,0.000000e+00,0.000000e+00,0.000000e+00,0.000000e+00,415,357
0.000000e+00,-2.240367e-07,-6.961769e-09,5.545131e-07,0.000000e+00,0.000000e+00,0.000000e+00,0.000000e+00,0.000000e+00,0.000000e+00,0.000000e+00,416,357
0.000000e+00,6.873665e-08,2.447290e-07,4.964275e-07,0.000000e+00,0.000000e+00,0.000000e+00,0.000000e+00,0.000000e+00,0.000000e+00,0.000000e+00,417,357
0.000000e+00,1.590191e-07,-9.727546e-08,4.303590e-07,0.000000e+00,0.000000e+00,0.000000e+00,0.000000e+00,0.000000e+00,0.000000e+00,0.000000e+00,418,357
0.000000e+00,6.972832e-08,-3.221154e-10,4.710536e-07,0.000000e+00,0.000000e+00,0.000000e+00,0.000000e+00,0.000000e+00,0.000000e+00,0.000000e+00,419,357
0.000000e+00,-1.104628e-07,-1.983743e-07,3.390859e-07,0.000000e+00,0.000000e+00,0.000000e+00,0.000000e+00,0.000000e+00,0.000000e+00,0.000000e+00,420,357
0.000000e+00,-2.244515e-07,1.564168e-07,3.006844e-07,0.000000e+00,0.000000e+00,0.000000e+00,0.000000e+00,0.000000e+00,0.000000e+00,0.000000e+00,421,357
0.000000e+00,1.984864e-07,-1.595248e-07,2.811175e-07,0.000000e+00,0.000000e+00,0.000000e+00,0.000000e+00,0.000000e+00,0.000000e+00,0.000000e+00,422,357
0.000000e+00,-6.047876e-08,-5.685373e-08,4.997767e-07,0.000000e+00,0.000000e+00,0.000000e+00,0.000000e+00,0.000000e+00,0.000000e+00,0.000000e+00,423,357
0.000000e+00,-5.457418e-08,-7.290203e-08,4.295474e-07,0.000000e+00,0.000000e+00,0.000000e+00,0.000000e+00,0.000000e+00,0.000000e+00,0.000000e+00,424,357
0.000000e+00,-9.908116e-08,6.320624e-08,3.254829e-07,0.000000e+00,0.000000e+00,0.000000e+00,0.000000e+00,0.000000e+00,0.000000e+00,0.000000e+00,425,357
0.000000e+00,3.344932e-08,-1.962259e-09,4.289736e-07,0.000000e+00,0.000000e+00,0.000000e+00,0.000000e+00,0.000000e+00,0.000000e+00,0.000000e+00,426,357
0.000000e+00,2.002268e-07,8.442535e-08,5.114152e-07,0.000000e+00,0.000000e+00,0.000000e+00,0.000000e+00,0.000000e+00,0.000000e+00,0.000000e+00,427,357
0.000000e+00,-2.739986e-07,6.517257e-08,4.796624e-07,0.000000e+00,0.000000e+00,0.000000e+00,0.000000e+00,0.000000e+00,0.000000e+00,0.000000e+00,428,357
0.000000e+00,1.475779e-07,8.864995e-09,3.270404e-07,0.000000e+00,0.000000e+00,0.000000e+00,0.000000e+00,0.000000e+00,0.000000e+00,0.000000e+00,429,357
0.000000e+00,2.597163e-07,7.035021e-08,4.697282e-07,0.000000e+00,0.000000e+00,0.000000e+00,0.000000e+00,0.000000e+00,0.000000e+00,0.000000e+00,430,357
0.000000e+00,-1.699844e-07,6.017856e-08,5.804594e-07,0.000000e+00,0.000000e+00,0.000000e+00,0.000000e+00,0.000000e+00,0.000000e+00,0.000000e+00,431,357
0.000000e+00,1.933765e-07,9.912519e-08,4.444868e-07,0.000000e+00,0.000000e+00,0.000000e+00,0.000000e+00,0.000000e+00,0.000000e+00,0.000000e+00,432,357
0.000000e+00,-1.709132e-07,4.711190e-08,1.759256e-07,0.000000e+00,0.000000e+00,0.000000e+00,0.000000e+00,0.000000e+00,0.000000e+00,0.000000e+00,433,357
0.000000e+00,7.121235e-08,2.524784e-08,5.332205e-07,0.000000e+00,0.000000e+00,0.000000e+00,0.000000e+00,0.000000e+00,0.000000e+00,0.000000e+00,434,357
0.000000e+00,-1.236862e-07,-4.847261e-08,6.583594e-07,0.000000e+00,0.000000e+00,0.000000e+00,0.000000e+00,0.000000e+00,0.000000e+00,0.000000e+00,435,357
0.000000e+00,-1.038995e-07,-1.157952e-07,4.892157e-07,0.000000e+00,0.000000e+00,0.000000e+00,0.000000e+00,0.000000e+00,0.000000e+00,0.000000e+00,436,357
0.000000e+00,-6.658508e-08,2.878518e-07,3.930888e-07,0.000000e+00,0.000000e+00,0.000000e+00,0.000000e+00,0.000000e+00,0.000000e+00,0.000000e+00,437,357
0.000000e+00,-2.076769e-07,-2.049569e-08,5.974560e-07,0.000000e+00,0.000000e+00,0.000000e+00,0.000000e+00,0.000000e+00,0.000000e+00,0.000000e+00,438,357
0.000000e+00,-4.090829e-08,-1.949679e-07,5.045357e-07,0.000000e+00,0.000000e+00,0.000000e+00,0.000000e+00,0.000000e+00,0.000000e+00,0.000000e+00,439,357
0.000000e+00,3.014498e-08,2.057106e-07,6.023686e-07,0.000000e+00,0.000000e+00,0.000000e+00,0.000000e+00,0.000000e+00,0.000000e+00,0.000000e+00,440,357
0.000000e+00,9.641321e-08,1.353091e-07,3.233611e-07,0.000000e+00,0.000000e+00,0.000000e+00,0.000000e+00,0.000000e+00,0.000000e+00,0.000000e+00,441,357
0.000000e+00,-2.049131e-08,-1.009748e-07,6.368057e-07,0.000000e+00,0.000000e+00,0.000000e+00,0.000000e+00,0.000000e+00,0.000000e+00,0.000000e+00,442,357
0.000000e+00,6.803759e-08,-2.349308e-07,5.000435e-07,0.000000e+00,0.000000e+00,0.000000e+00,0.000000e+00,0.000000e+00,0.000000e+00,0.000000e+00,443,357
0.000000e+00,1.923988e-07,-1.055540e-09,3.228258e-07,0.000000e+00,0.000000e+00,0.000000e+00,0.000000e+00,0.000000e+00,0.000000e+00,0.000000e+00,444,357
0.000000e+00,3.830949e-08,-1.515224e-07,5.311288e-07,0.000000e+00,0.000000e+00,0.000000e+00,0.000000e+00,0.000000e+00,0.000000e+00,0.000000e+00,445,357
0.000000e+00,2.352957e-07,9.903733e-10,5.012851e-07,0.000000e+00,0.000000e+00,0.000000e+00,0.000000e+00,0.000000e+00,0.000000e+00,0.000000e+00,446,357
0.000000e+00,2.360394e-07,-9.259174e-09,5.043455e-07,0.000000e+00,0.000000e+00,0.000000e+00,0.000000e+00,0.000000e+00,0.000000e+00,0.000000e+00,447,357
0.000000e+00,2.861913e-08,-2.085793e-07,2.762092e-07,0.000000e+00,0.000000e+00,0.000000e+00,0.000000e+00,0.000000e+00,0.000000e+00,0.000000e+00,448,357
0.000000e+00,-2.720815e-09,-1.742246e-07,4.689997e-07,0.000000e+00,0.000000e+00,0.000000e+00,0.000000e+00,0.000000e+00,0.000000e+00,0.000000e+00,449,357
0.000000e+00,-2.074526e-08,1.818475e-07,4.799821e-07,0.000000e+00,0.000000e+00,0.000000e+00,0.000000e+00,0.000000e+00,0.000000e+00,0.000000e+00,450,357
0.000000e+00,6.571047e-08,1.101439e-07,6.444224e-07,0.000000e+00,0.000000e+00,0.000000e+00,0.000000e+00,0.000000e+00,0.000000e+00,0.000000e+00,451,357
0.000000e+00,1.050015e-08,-2.647737e-07,3.494014e-07,0.000000e+00,0.000000e+00,0.000000e+00,0.000000e+00,0.000000e+00,0.000000e+00,0.000000e+00,452,357
0.000000e+00,-1.351391e-07,-1.727564e-07,3.270208e-07,0.000000e+00,0.000000e+00,0.000000e+00,0.000000e+00,0.000000e+00,0.000000e+00,0.000000e+00,453,357
0.000000e+00,2.476103e-07,-2.457102e-08,2.568527e-07,0.000000e+00,0.000000e+00,0.000000e+00,0.000000e+00,0.000000e+00,0.000000e+00,0.000000e+00,454,357
0.000000e+00,3.039101e-10,-1.682548e-07,1.998172e-07,0.000000e+00,0.000000e+00,0.000000e+00,0.000000e+00,0.000000e+00,0.000000e+00,0.000000e+00,455,357
0.000000e+00,-5.060604e-08,6.733821e-08,6.639238e-07,0.000000e+00,0.000000e+00,0.000000e+00,0.000000e+00,0.000000e+00,0.000000e+00,0.000000e+00,456,357
0.000000e+00,-9.549291e-08,2.075191e-07,4.358160e-07,0.000000e+00,0.000000e+00,0.000000e+00,0.000000e+00,0.000000e+00,0.000000e+00,0.000000e+00,457,357
0.000000e+00,2.104468e-08,-1.457506e-07,4.334982e-07,0.000000e+00,0.000000e+00,0.000000e+00,0.000000e+00,0.000000e+00,0.000000e+00,0.000000e+00,458,357
0.000000e+00,1.211580e-07,3.150179e-08,1.538345e-07,0.000000e+00,0.000000e+00,0.000000e+00,0.000000e+00,0.000000e+00,0.000000e+00,0.000000e+00,459,357
0.000000e+00,-2.045480e-08,-2.207666e-07,3.592359e-07,0.000000e+00,0.000000e+00,0.000000e+00,0.000000e+00,0.000000e+00,0.000000e+00,0.000000e+00,460,357
0.000000e+00,-7.064341e-08,-2.616973e-07,4.741680e-07,0.000000e+00,0.000000e+00,0.000000e+00,0.000000e+00,0.000000e+00,0.000000e+00,0.000000e+00,461,357
0.000000e+00,-1.551817e-07,-2.005962e-08,4.628490e-07,0.000000e+00,0.000000e+00,0.000000e+00,0.000000e+00,0.000000e+00,0.000000e+00,0.000000e+00,462,357
0.000000e+00,-1.447626e-08,-1.285735e-07,2.903780e-07,0.000000e+00,0.000000e+00,0.000000e+00,0.000000e+00,0.000000e+00,0.000000e+00,0.000000e+00,463,357
0.000000e+00,4.677654e-08,4.636818e-08,5.516204e-07,0.000000e+00,0.000000e+00,0.000000e+00,0.000000e+00,0.000000e+00,0.000000e+00,0.000000e+00,464,357
0.000000e+00,1.043726e-07,8.533320e-08,6.122581e-07,0.000000e+00,0.000000e+00,0.000000e+00,0.000000e+00,0.000000e+00,0.000000e+00,0.000000e+00,465,357
0.000000e+00,1.278320e-07,-1.182577e-07,2.657782e-07,0.000000e+00,0.000000e+00,0.000000e+00,0.000000e+00,0.000000e+00,0.000000e+00,0.000000e+00,466,357
0.000000e+00,2.298726e-07,3.700538e-08,5.233553e-07,0.000000e+00,0.000000e+00,0.000000e+00,0.000000e+00,0.000000e+00,0.000000e+00,0.000000e+00,467,357
0.000000e+00,-1.355930e-07,-2.441994e-09,2.317821e-07,0.000000e+00,0.000000e+00,0.000000e+00,0.000000e+00,0.000000e+00,0.000000e+00,0.000000e+00,468,357
0.000000e+00,1.010529e-07,3.667163e-08,2.266267e-07,0.000000e+00,0.000000e+00,0.000000e+00,0.000000e+00,0.000000e+00,0.000000e+00,0.000000e+00,469,357
0.000000e+00,2.381096e-07,-1.220667e-07,3.973371e-07,0.000000e+00,0.000000e+00,0.000000e+00,0.000000e+00,0.000000e+00,0.000000e+00,0.000000e+00,470,357
0.000000e+00,2.197912e-07,-9.943027e-08,4.130142e-07,0.000000e+00,0.000000e+00,0.000000e+00,0.000000e+00,0.000000e+00,0.000000e+00,0.000000e+00,471,357
0.000000e+00,-1.641493e-07,1.024904e-07,4.553858e-07,0.000000e+00,0.000000e+00,0.000000e+00,0.000000e+00,0.000000e+00,0.000000e+00,0.000000e+00,472,357
0.000000e+00,1.035723e-07,1.790044e-07,4.636695e-07,0.000000e+00,0.000000e+00,0.000000e+00,0.000000e+00,0.000000e+00,0.000000e+00,0.000000e+00,473,357
0.000000e+00,2.384580e-07,7.831260e-08,3.930034e-07,0.000000e+00,0.000000e+00,0.000000e+00,0.000000e+00,0.000000e+00,0.000000e+00,0.000000e+00,474,357
0.000000e+00,1.609274e-07,2.483403e-09,4.377572e-07,0.000000e+00,0.000000e+00,0.000000e+00,0.000000e+00,0.000000e+00,0.000000e+00,0.000000e+00,475,357
0.000000e+00,2.455754e-07,7.865170e-08,4.386853e-07,0.000000e+00,0.000000e+00,0.000000e+00,0.000000e+00,0.000000e+00,0.000000e+00,0.000000e+00,476,357
0.000000e+00,3.957889e-08,-1.600085e-07,1.564139e-07,0.000000e+00,0.000000e+00,0.000000e+00,0.000000e+00,0.000000e+00,0.000000e+00,0.000000e+00,477,357
0.000000e+00,-5.846612e-08,-1.571170e-08,5.557702e-07,0.000000e+00,0.000000e+00,0.000000e+00,0.000000e+00,0.000000e+00,0.000000e+00,0.000000e+00,478,357
0.000000e+00,6.952029e-08,1.363032e-07,4.166987e-07,0.000000e+00,0.000000e+00,0.000000e+00,0.000000e+00,0.000000e+00,0.000000e+00,0.000000e+00,479,357
0.000000e+00,9.726794e-08,-1.082480e-07,6.039731e-07,0.000000e+00,0.000000e+00,0.000000e+00,0.000000e+00,0.000000e+00,0.000000e+00,0.000000e+00,480,357
0.000000e+00,-2.382182e-07,-8.902778e-08,4.217365e-07,0.000000e+00,0.000000e+00,0.000000e+00,0.000000e+00,0.000000e+00,0.000000e+00,0.000000e+00,481,357
0.000000e+00,-9.584628e-08,1.937997e-07,4.488585e-07,0.000000e+00,0.000000e+00,0.000000e+00,0.000000e+00,0.000000e+00,0.000000e+00,0.000000e+00,482,357
0.000000e+00,-1.299438e-07,8.231092e-08,2.812979e-07,0.000000e+00,0.000000e+00,0.000000e+00,0.000000e+00,0.000000e+00,0.000000e+00,0.000000e+00,483,357
0.000000e+00,-1.725768e-07,9.922520e-08,2.680276e-07,0.000000e+00,0.000000e+00,0.000000e+00,0.000000e+00,0.000000e+00,0.000000e+00,0.000000e+00,484,357
0.000000e+00,7.675432e-08,1.262050e-07,3.960732e-07,0.000000e+00,0.000000e+00,0.000000e+00,0.000000e+00,0.000000e+00,0.000000e+00,0.000000e+00,485,357
0.000000e+00,-5.261602e-08,2.255388e-07,3.543521e-07,0.000000e+00,0.000000e+00,0.000000e+00,0.000000e+00,0.000000e+00,0.000000e+00,0.000000e+00,486,357
0.000000e+00,-1.166225e-07,-5.158346e-09,3.728978e-07,0.000000e+00,0.000000e+00,0.000000e+00,0.000000e+00,0.000000e+00,0.000000e+00,0.000000e+00,487,357
0.000000e+00,-2.283598e-08,-1.200547e-07,3.543196e-07,0.000000e+00,0.000000e+00,0.000000e+00,0.000000e+00,0.000000e+00,0.000000e+00,0.000000e+00,488,357
0.000000e+00,2.051312e-07,-2.046441e-07,3.405584e-07,0.000000e+00,0.000000e+00,0.000000e+00,0.000000e+00,0.000000e+00,0.000000e+00,0.000000e+00,489,357
0.000000e+00,-2.643815e-07,-5.869465e-08,4.893563e-07,0.000000e+00,0.000000e+00,0.000000e+00,0.000000e+00,0.000000e+00,0.000000e+00,0.000000e+00,490,357
0.000000e+00,-3.596167e-08,-2.540207e-07,4.668200e-07,0.000000e+00,0.000000e+00,0.000000e+00,0.000000e+00,0.000000e+00,0.000000e+00,0.000000e+00,491,357
0.000000e+00,-1.697821e-07,-1.185946e-07,3.998588e-07,0.000000e+00,0.000000e+00,0.000000e+00,0.000000e+00,0.000000e+00,0.000000e+00,0.000000e+00,492,357
0.000000e+00,-2.792563e-07,5.659838e-09,3.377591e-07,0.000000e+00,0.000000e+00,0.000000e+00,0.000000e+00,0.000000e+00,0.000000e+00,0.000000e+00,493,357
0.000000e+00,5.605995e-08,1.022962e-07,4.170285e-07,0.000000e+00,0.000000e+00,0.000000e+00,0.000000e+00,0.000000e+00,0.000000e+00,0.000000e+00,494,357
0.000000e+00,-1.156050e-07,8.044750e-08,1.839642e-07,0.000000e+00,0.000000e+00,0.000000e+00,0.000000e+00,0.000000e+00,0.000000e+00,0.000000e+00,495,357
0.000000e+00,1.136669e-07,-3.578850e-08,2.118920e-07,0.000000e+00,0.000000e+00,0.000000e+00,0.000000e+00,0.000000e+00,0.000000e+00,0.000000e+00,496,357
0.000000e+00,1.345593e-07,-6.570114e-09,4.191638e-07,0.000000e+00,0.000000e+00,0.000000e+00,0.000000e+00,0.000000e+00,0.000000e+00,0.000000e+00,497,357
0.000000e+00,1.628555e-07,-1.038946e-07,5.808593e-07,0.000000e+00,0.000000e+00,0.000000e+00,0.000000e+00,0.000000e+00,0.000000e+00,0.000000e+00,498,357
0.000000e+00,-1.727977e-07,-1.142886e-08,1.611192e-07,0.000000e+00,0.000000e+00,0.000000e+00,0.000000e+00,0.000000e+00,0.000000e+00,0.000000e+00,499,357
