0.000000e+00,-1.778005e-07,-1.304022e-07,5.385043e-07,0.000000e+00,0.000000e+00,0.000000e+00,0.000000e+00,0.000000e+00,0.000000e+00,0.000000e+00,0,431
0.000000e+00,1.890375e-07,7.539545e-08,2.325211e-07,0.000000e+00,0.000000e+00,0.000000e+00,0.000000e+00,0.000000e+00,0.000000e+00,0.000000e+00,1,431
0.000000e+00,7.241433e-08,6.596283e-08,2.447969e-07,0.000000e+00,0.000000e+00,0.000000e+00,0.000000e+00,0.000000e+00,0.000000e+00,0.000000e+00,2,431
0.000000e+00,1.196956e-07,-1.512023e-07,2.362088e-07,0.000000e+00,0.000000e+00,0.000000e+00,0.000000e+00,0.000000e+00,0.000000e+00,0.000000e+00,3,431
0.000000e+00,-5.919592e-08,2.153392e-07,3.581570e-07,0.000000e+00,0.000000e+00,0.000000e+00,0.000000e+00,0.000000e+00,0.000000e+00,0.000000e+00,4,431
0.000000e+00,-7.698411e-08,-2.990759e-08,3.908375e-07,0.000000e+00,0.000000e+00,0.000000e+00,0.000000e+00,0.000000e+00,0.000000e+00,0.000000e+00,5,431
0.000000e+00,8.639049e-08,-1.341986e-07,4.792576e-07,0.000000e+00,0.000000e+00,0.000000e+00,0.000000e+00,0.000000e+00,0.000000e+00,0.000000e+00,6,431
0.000000e+00,-1.769966e-07,-1.710172e-07,4.723267e-07,0.000000e+00,0.000000e+00,0.000000e+00,0.000000e+00,0.000000e+00,0.000000e+00,0.000000e+00,7,431
0.000000e+00,-9.530608e-08,-2.059672e-07,4.850863e-07,0.000000e+00,0.000000e+00,0.000000e+00,0.000000e+00,0.000000e+00,0.000000e+00,0.000000e+00,8,431
0.000000e+00,9.357079e-08,1.003764e-07,2.568554e-07,0.000000e+00,0.000000e+00,0.000000e+00,0.000000e+00,0.000000e+00,0.000000e+00,0.000000e+00,9,431
0.000000e+00,-3.572727e-09,-2.030834e-07,4.909946e-07,0.000000e+00,0.000000e+00,0.000000e+00,0.000000e+00,0.000000e+00,0.000000e+00,0.000000e+00,10,431
0.000000e+00,-1.286174e-07,9.710255e-08,5.754287e-07,0.000000e+00,0.000000e+00,0.000000e+00,0.000000e+00,0.000000e+00,0.000000e+00,0.000000e+00,11,431
0.000000e+00,2.923916e-08,-1.727631e-07,5.766436e-07,0.000000e+00,0.000000e+00,0.000000e+00,0.000000e+00,0.000000e+00,0.000000e+00,0.000000e+00,12,431
0.000000e+00,-2.127743e-07,-1.764644e-07,3.919563e-07,0.000000e+00,0.000000e+00,0.000000e+00,0.000000e+00,0.000000e+00,0.000000e+00,0.000000e+00,13,431
0.000000e+00,-1.696486e-07,-1.310325e-07,4.604837e-07,0.000000e+00,0.000000e+00,0.000000e+00,0.000000e+00,0.000000e+00,0.000000e+00,0.000000e+00,14,431
0.000000e+00,8.241494e-08,4.802280e-08,6.052936e-07,0.000000e+00,0.000000e+00,0.000000e+00,0.000000e+00,0.000000e+00,0.000000e+00,0.000000e+00,15,431
0.000000e+00,2.637383e-08,2.911891e-07,3.722023e-07,0.000000e+00,0.000000e+00,0.000000e+00,0.000000e+00,0.000000e+00,0.000000e+00,0.000000e+00,16,431
0.000000e+00,-5.382923e-09,-3.046534e-08,5.870675e-07,0.000000e+00,0.000000e+00,0.000000e+00,0.000000e+00,0.000000e+00,0.000000e+00,0.000000e+00,17,431
0.000000e+00,4.955053e-08,9.392380e-09,6.848424e-07,0.000000e+00,0.000000e+00,0.000000e+00,0.000000e+00,0.000000e+00,0.000000e+00,0.000000e+00,18,431
0.000000e+00,2.214993e-08,-1.770065e-07,1.725957e-07,0.000000e+00,0.000000e+00,0.000000e+00,0.000000e+00,0.000000e+00,0.000000e+00,0.000000e+00,19,431
0.000000e+00,-1.518505e-07,8.021659e-08,3.149769e-07,0.000000e+00,0.000000e+00,0.000000e+00,0.000000e+00,0.000000e+00,0.000000e+00,0.000000e+00,20,431
0.000000e+00,8.740504e-08,-9.382602e-09,1.669509e-07,0.000000e+00,0.000000e+00,0.000000e+00,0.000000e+00,0.000000e+00,0.000000e+00,0.000000e+00,21,431
0.000000e+00,-1.872164e-08,-8.895799e-09,5.202502e-07,0.000000e+00,0.000000e+00,0.000000e+00,0.000000e+00,0.000000e+00,0.000000e+00,0.000000e+00,22,431
0.000000e+00,6.788621e-08,1.107960e-07,4.686326e-07,0.000000e+00,0.000000e+00,0.000000e+00,0.000000e+00,0.000000e+00,0.000000e+00,0.000000e+00,23,431
0.000000e+00,-9.797013e-08,-1.522870e-07,6.115622e-07,0.000000e+00,0.000000e+00,0.000000e+00,0.000000e+00,0.000000e+00,0.000000e+00,0.000000e+00,24,431
0.000000e+00,8.034995e-10,2.029537e-07,3.854885e-07,0.000000e+00,0.000000e+00,0.000000e+00,0.000000e+00,0.000000e+00,0.000000e+00,0.000000e+00,25,431
0.000000e+00,2.117827e-07,1.065570e-07,2.950075e-07,0.000000e+00,0.000000e+00,0.000000e+00,0.000000e+00,0.000000e+00,0.000000e+00,0.000000e+00,26,431
0.000000e+00,-1.281248e-07,1.807849e-07,4.730314e-07,0.000000e+00,0.000000e+00,0.000000e+00,0.000000e+00,0.000000e+00,0.000000e+00,0.000000e+00,27,431
0.000000e+00,-9.733725e-08,2.336456e-07,4.884368e-07,0.000000e+00,0.000000e+00,0.000000e+00,0.000000e+00,0.000000e+00,0.000000e+00,0.000000e+00,28,431
0.000000e+00,2.091745e-07,1.003986e-07,4.102002e-07,0.000000e+00,0.000000e+00,0.000000e+00,0.000000e+00,0.000000e+00,0.000000e+00,0.000000e+00,29,431
0.000000e+00,1.440511e-07,7.460080e-08,3.601445e-07,0.000000e+00,0.000000e+00,0.000000e+00,0.000000e+00,0.000000e+00,0.000000e+00,0.000000e+00,30,431
0.000000e+00,1.665517e-07,-5.209931e-09,2.242104e-07,0.000000e+00,0.000000e+00,0.000000e+00,0.000000e+00,0.000000e+00,0.000000e+00,0.000000e+00,31,431
0.000000e+00,-2.232057e-08,9.621063e-08,4.361240e-07,0.000000e+00,0.000000e+00,0.000000e+00,0.000000e+00,0.000000e+00,0.000000e+00,0.000000e+00,32,431
0.000000e+00,-2.204028e-07,-6.533723e-08,3.425976e-07,0.000000e+00,0.000000e+00,0.000000e+00,0.000000e+00,0.000000e+00,0.000000e+00,0.000000e+00,33,431
0.000000e+00,-1.770274e-08,4.819662e-10,4.143465e-07,0.000000e+00,0.000000e+00,0.000000e+00,0.000000e+00,0.000000e+00,0.000000e+00,0.000000e+00,34,431
0.000000e+00,2.127338e-07,1.373738e-07,3.916747e-07,0.000000e+00,0.000000e+00,0.000000e+00,0.000000e+00,0.000000e+00,0.000000e+00,0.000000e+00,35,431
0.000000e+00,-2.246116e-07,-2.640237e-08,2.126906e-07,0.000000e+00,0.000000e+00,0.000000e+00,0.000000e+00,0.000000e+00,0.000000e+00,0.000000e+00,36,431
0.000000e+00,-1.014666e-08,1.147009e-07,2.840633e-07,0.000000e+00,0.000000e+00,0.000000e+00,0.000000e+00,0.000000e+00,0.000000e+00,0.000000e+00,37,431
0.000000e+00,-2.000910e-08,2.098452e-07,2.712257e-07,0.000000e+00,0.000000e+00,0.000000e+00,0.000000e+00,0.000000e+00,0.000000e+00,0.000000e+00,38,431
0.000000e+00,-8.194834e-08,1.283068e-07,3.315810e-07,0.000000e+00,0.000000e+00,0.000000e+00,0.000000e+00,0.000000e+00,0.000000e+00,0.000000e+00,39,431
0.000000e+00,-2.128913e-07,-1.686291e-07,5.119462e-07,0.000000e+00,0.000000e+00,0.000000e+00,0.000000e+00,0.000000e+00,0.000000e+00,0.000000e+00,40,431
0.000000e+00,-1.994798e-07,-7.217423e-08,4.243882e-07,0.000000e+00,0.000000e+00,0.000000e+00,0.000000e+00,0.000000e+00,0.000000e+00,0.000000e+00,41,431
0.000000e+00,3.843616e-08,-2.017188e-08,2.726775e-07,0.000000e+00,0.000000e+00,0.000000e+00,0.000000e+00,0.000000e+00,0.000000e+00,0.000000e+00,42,431
0.000000e+00,-1.514868e-07,-3.376796e-08,5.509711e-07,0.000000e+00,0.000000e+00,0.000000e+00,0.000000e+00,0.000000e+00,0.000000e+00,0.000000e+00,43,431
0.000000e+00,-1.012764e-09,-6.832922e-08,1.478805e-07,0.000000e+00,0.000000e+00,0.000000e+00,0.000000e+00,0.000000e+00,0.000000e+00,0.000000e+00,44,431
0.000000e+00,-1.087256e-07,2.025659e-08,2.242181e-07,0.000000e+00,0.000000e+00,0.000000e+00,0.000000e+00,0.000000e+00,0.000000e+00,0.000000e+00,45,431
0.000000e+00,2.238408e-07,-1.761574e-07,4.080268e-07,0.000000e+00,0.000000e+00,0.000000e+00,0.000000e+00,0.000000e+00,0.000000e+00,0.000000e+00,46,431
0.000000e+00,1.684088e-07,1.367861e-07,5.071354e-07,0.000000e+00,0.000000e+00,0.000000e+00,0.000000e+00,0.000000e+00,0.000000e+00,0.000000e+00,47,431
0.000000e+00,-6.845262e-08,-1.396773e-07,4.320931e-07,0.000000e+00,0.000000e+00,0.000000e+00,0.000000e+00,0.000000e+00,0.000000e+00,0.000000e+00,48,431
0.000000e+00,3.778758e-08,4.172471e-08,6.722036e-07,0.000000e+00,0.000000e+00,0.000000e+00,0.000000e+00,0.000000e+00,0.000000e+00,0.000000e+00,49,431
0.000000e+00,9.475137e-08,2.047967e-08,6.345315e-07,0.000000e+00,0.000000e+00,0.000000e+00,0.000000e+00,0.000000e+00,0.000000e+00,0.000000e+00,50,431
0.000000e+00,1.028004e-07,-2.657918e-07,4.055078e-07,0.000000e+00,0.000000e+00,0.000000e+00,0.000000e+00,0.000000e+00,0.000000e+00,0.000000e+00,51,431
0.000000e+00,4.228326e-08,8.025237e-08,5.254984e-07,0.000000e+00,0.000000e+00,0.000000e+00,0.000000e+00,0.000000e+00,0.000000e+00,0.000000e+00,52,431
0.000000e+00,1.244924e-07,2.138346e-07,4.526367e-07,0.000000e+00,0.000000e+00,0.000000e+00,0.000000e+00,0.000000e+00,0.000000e+00,0.000000e+00,53,431
0.000000e+00,1.770545e-08,2.298116e-07,2.460506e-07,0.000000e+00,0.000000e+00,0.000000e+00,0.000000e+00,0.000000e+00,0.000000e+00,0.000000e+00,54,431
0.000000e+00,-8.243074e-08,-7.868370e-09,6.434148e-07,0.000000e+00,0.000000e+00,0.000000e+00,0.000000e+00,0.000000e+00,0.000000e+00,0.000000e+00,55,431
0.000000e+00,3.179873e-09,6.590447e-09,4.109774e-07,0.000000e+00,0.000000e+00,0.000000e+00,0.000000e+00,0.000000e+00,0.000000e+00,0.000000e+00,56,431
0.000000e+00,-2.680099e-08,2.154534e-07,5.562379e-07,0.000000e+00,0.000000e+00,0.000000e+00,0.000000e+00,0.000000e+00,0.000000e+00,0.000000e+00,57,431
0.000000e+00,7.412852e-08,1.182083e-07,3.546503e-07,0.000000e+00,0.000000e+00,0.000000e+00,0.000000e+00,0.000000e+00,0.000000e+00,0.000000e+00,58,431
0.000000e+00,3.538909e-08,-9.011761e-08,2.526077e-07,0.000000e+00,0.000000e+00,0.000000e+00,0.000000e+00,0.000000e+00,0.000000e+00,0.000000e+00,59,431
0.000000e+00,-1.040078e-07,-2.575959e-07,4.678424e-07,0.000000e+00,0.000000e+00,0.000000e+00,0.000000e+00,0.000000e+00,0.000000e+00,0.000000e+00,60,431
0.000000e+00,2.456316e-08,2.300129e-07,2.151828e-07,0.000000e+00,0.000000e+00,0.000000e+00,0.000000e+00,0.000000e+00,0.000000e+00,0.000000e+00,61,431
0.000000e+00,6.224667e-08,1.476935e-07,4.534954e-07,0.000000e+00,0.000000e+00,0.000000e+00,0.000000e+00,0.000000e+00,0.000000e+00,0.000000e+00,62,431
0.000000e+00,2.284701e-07,9.095415e-08,4.648705e-07,0.000000e+00,0.000000e+00,0.000000e+00,0.000000e+00,0.000000e+00,0.000000e+00,0.000000e+00,63,431
0.000000e+00,3.012972e-08,5.303904e-08,2.789823e-07,0.000000e+00,0.000000e+00,0.000000e+00,0.000000e+00,0.000000e+00,0.000000e+00,0.000000e+00,64,431
0.000000e+00,6.939833e-08,-4.878485e-08,1.903006e-07,0.000000e+00,0.000000e+00,0.000000e+00,0.000000e+00,0.000000e+00,0.000000e+00,0.000000e+00,65,431
0.000000e+00,5.566363e-08,1.581368e-08,6.038875e-07,0.000000e+00,0.000000e+00,0.000000e+00,0.000000e+00,0.000000e+00,0.000000e+00,0.000000e+00,66,431
0.000000e+00,-9.040134e-08,2.262226e-07,5.624567e-07,0.000000e+00,0.000000e+00,0.000000e+00,0.000000e+00,0.000000e+00,0.000000e+00,0.000000e+00,67,431
0.000000e+00,-7.258167e-08,1.627834e-07,2.532150e-07,0.000000e+00,0.000000e+00,0.000000e+00,0.000000e+00,0.000000e+00,0.000000e+00,0.000000e+00,68,431
0.000000e+00,2.111967e-07,1.820919e-07,3.939859e-07,0.000000e+00,0.000000e+00,0.000000e+00,0.000000e+00,0.000000e+00,0.000000e+00,0.000000e+00,69,431
0.000000e+00,-5.273407e-08,-1.153580e-07,3.700127e-07,0.000000e+00,0.000000e+00,0.000000e+00,0.000000e+00,0.000000e+00,0.000000e+00,0.000000e+00,70,431
0.000000e+00,2.042500e-07,1.309360e-07,3.998712e-07,0.000000e+00,0.000000e+00,0.000000e+00,0.000000e+00,0.000000e+00,0.000000e+00,0.000000e+00,71,431
0.000000e+00,1.043036e-07,1.408285e-07,3.435937e-07,0.000000e+00,0.000000e+00,0.000000e+00,0.000000e+00,0.000000e+00,0.000000e+00,0.000000e+00,72,431
0.000000e+00,5.218796e-08,-1.465008e-07,2.046962e-07,0.000000e+00,0.000000e+00,0.000000e+00,0.000000e+00,0.000000e+00,0.000000e+00,0.000000e+00,73,431
0.000000e+00,2.715430e-07,-6.832931e-08,3.830201e-07,0.000000e+00,0.000000e+00,0.000000e+00,0.000000e+00,0.000000e+00,0.000000e+00,0.000000e+00,74,431
0.000000e+00,2.580078e-07,-7.913737e-08,4.489595e-07,0.000000e+00,0.000000e+00,0.000000e+00,0.000000e+00,0.000000e+00,0.000000e+00,0.000000e+00,75,431
0.000000e+00,3.584430e-08,-2.587000e-07,3.713769e-07,0.000000e+00,0.000000e+00,0.000000e+00,0.000000e+00,0.000000e+00,0.000000e+00,0.000000e+00,76,431
0.000000e+00,2.113386e-08,-1.934091e-07,3.013081e-07,0.000000e+00,0.000000e+00,0.000000e+00,0.000000e+00,0.000000e+00,0.000000e+00,0.000000e+00,77,431
0.000000e+00,-2.531193e-07,6.675229e-08,4.117903e-07,0.000000e+00,0.000000e+00,0.000000e+00,0.000000e+00,0.000000e+00,0.000000e+00,0.000000e+00,78,431
0.000000e+00,1.713750e-07,2.139010e-07,4.641633e-07,0.000000e+00,0.000000e+00,0.000000e+00,0.000000e+00,0.000000e+00,0.000000e+00,0.000000e+00,79,431
0.000000e+00,1.761619e-07,1.414771e-07,4.144384e-07,0.000000e+00,0.000000e+00,0.000000e+00,0.000000e+00,0.000000e+00,0.000000e+00,0.000000e+00,80,431
0.000000e+00,-8.030060e-08,-5.955139e-08,6.384843e-07,0.000000e+00,0.000000e+00,0.000000e+00,0.000000e+00,0.000000e+00,0.000000e+00,0.000000e+00,81,431
0.000000e+00,-1.591492e-07,1.792338e-07,4.877281e-07,0.000000e+00,0.000000e+00,0.000000e+00,0.000000e+00,0.000000e+00,0.000000e+00,0.000000e+00,82,431
0.000000e+00,-1.798872e-08,-8.939343e-09,4.744949e-07,0.000000e+00,0.000000e+00,0.000000e+00,0.000000e+00,0.000000e+00,0.000000e+00,0.000000e+00,83,431
0.000000e+00,-6.379961e-08,-2.453264e-07,3.706838e-07,0.000000e+00,0.000000e+00,0.000000e+00,0.000000e+00,0.000000e+00,0.000000e+00,0.000000e+00,84,431
0.000000e+00,-1.687889e-08,-2.254595e-07,5.260274e-07,0.000000e+00,0.000000e+00,0.000000e+00,0.000000e+00,0.000000e+00,0.000000e+00,0.000000e+00,85,431
0.000000e+00,1.130125e-07,1.772297e-07,4.278870e-07,0.000000e+00,0.000000e+00,0.000000e+00,0.000000e+00,0.000000e+00,0.000000e+00,0.000000e+00,86,431
0.000000e+00,-2.221708e-07,3.611493e-08,5.670467e-07,0.000000e+00,0.000000e+00,0.000000e+00,0.000000e+00,0.000000e+00,0.000000e+00,0.000000e+00,87,431
0.000000e+00,-1.560093e-07,-1.192486e-07,4.892105e-07,0.000000e+00,0.000000e+00,0.000000e+00,0.000000e+00,0.000000e+00,0.000000e+00,0.000000e+00,88,431
0.000000e+00,2.814970e-07,-8.276278e-08,3.726311e-07,0.000000e+00,0.000000e+00,0.000000e+00,0.000000e+00,0.000000e+00,0.000000e+00,0.000000e+00,89,431
0.000000e+00,1.105972e-08,-3.748773e-08,3.111125e-07,0.000000e+00,0.000000e+00,0.000000e+00,0.000000e+00,0.000000e+00,0.000000e+00,0.000000e+00,90,431
0.000000e+00,-2.119746e-07,6.788054e-08,2.247555e-07,0.000000e+00,0.000000e+00,0.000000e+00,0.000000e+00,0.000000e+00,0.000000e+00,0.000000e+00,91,431
0.000000e+00,7.714318e-08,-1.982990e-08,6.661080e-07,0.000000e+00,0.000000e+00,0.000000e+00,0.000000e+00,0.000000e+00,0.000000e+00,0.000000e+00,92,431
0.000000e+00,1.493498e-07,3.034404e-08,3.171774e-07,0.000000e+00,0.000000e+00,0.000000e+00,0.000000e+00,0.000000e+00,0.000000e+00,0.000000e+00,93,431
0.000000e+00,7.669280e-08,-2.052088e-08,6.496527e-07,0.000000e+00,0.000000e+00,0.000000e+00,0.000000e+00,0.000000e+00,0.000000e+00,0.000000e+00,94,431
0.000000e+00,-8.497461e-08,-1.614835e-08,3.366341e-07,0.000000e+00,0.000000e+00,0.000000e+00,0.000000e+00,0.000000e+00,0.000000e+00,0.000000e+00,95,431
0.000000e+00,2.067777e-08,2.189652e-07,5.762454e-07,0.000000e+00,0.000000e+00,0.000000e+00,0.000000e+00,0.000000e+00,0.000000e+00,0.000000e+00,96,431
0.000000e+00,-2.112604e-07,1.023029e-07,3.836331e-07,0.000000e+00,0.000000e+00,0.000000e+00,0.000000e+00,0.000000e+00,0.000000e+00,0.000000e+00,97,431
0.000000e+00,2.185167e-07,-1.169728e-07,3.561442e-07,0.000000e+00,0.000000e+00,0.000000e+00,0.000000e+00,0.000000e+00,0.000000e+00,0.000000e+00,98,431
0.000000e+00,-3.484734e-08,7.170463e-08,3.725412e-07,0.000000e+00,0.000000e+00,0.000000e+00,0.000000e+00,0.000000e+00,0.000000e+00,0.000000e+00,99,431
0.000000e+00,-2.171659e-07,1.394019e-07,3.660119e-07,0.000000e+00,0.000000e+00,0.000000e+00,0.000000e+00,0.000000e+00,0.000000e+00,0.000000e+00,100,431
0.000000e+00,2.345381e-08,-1.816204e-08,3.876284e-07,0.000000e+00,0.000000e+00,0.000000e+00,0.000000e+00,0.000000e+00,0.000000e+00,0.000000e+00,101,431
0.000000e+00,-1.701416e-07,-1.562774e-07,3.338581e-07,0.000000e+00,0.000000e+00,0.000000e+00,0.000000e+00,0.000000e+00,0.000000e+00,0.000000e+00,102,431
0.000000e+00,-8.560261e-08,-1.798021e-07,4.956775e-07,0.000000e+00,0.000000e+00,0.000000e+00,0.000000e+00,0.000000e+00,0.000000e+00,0.000000e+00,103,431
0.000000e+00,-1.749390e-07,-1.307444e-08,3.102028e-07,0.000000e+00,0.000000e+00,0.000000e+00,0.000000e+00,0.000000e+00,0.000000e+00,0.000000e+00,104,431
0.000000e+00,-3.463288e-08,-2.684743e-07,4.039981e-07,0.000000e+00,0.000000e+00,0.000000e+00,0.000000e+00,0.000000e+00,0.000000e+00,0.000000e+00,105,431
0.000000e+00,4.136373e-08,2.847788e-07,4.561766e-07,0.000000e+00,0.000000e+00,0.000000e+00,0.000000e+00,0.000000e+00,0.000000e+00,0.000000e+00,106,431
0.000000e+00,2.103175e-07,4.239483e-08,4.634547e-07,0.000000e+00,0.000000e+00,0.000000e+00,0.000000e+00,0.000000e+00,0.000000e+00,0.000000e+00,107,431
0.000000e+00,5.850021e-08,-1.113752e-07,4.517711e-07,0.000000e+00,0.000000e+00,0.000000e+00,0.000000e+00,0.000000e+00,0.000000e+00,0.000000e+00,108,431
0.000000e+00,9.297027e-08,-9.207993e-08,2.933118e-07,0.000000e+00,0.000000e+00,0.000000e+00,0.000000e+00,0.000000e+00,0.000000e+00,0.000000e+00,109,431
0.000000e+00,2.415733e-07,-2.401306e-08,4.757159e-07,0.000000e+00,0.000000e+00,0.000000e+00,0.000000e+00,0.000000e+00,0.000000e+00,0.000000e+00,110,431
0.000000e+00,-1.084646e-08,-5.268515e-08,1.061650e-07,0.000000e+00,0.000000e+00,0.000000e+00,0.000000e+00,0.000000e+00,0.000000e+00,0.000000e+00,111,431
0.000000e+00,7.252919e-08,2.408202e-07,4.968889e-07,0.000000e+00,0.000000e+00,0.000000e+00,0.000000e+00,0.000000e+00,0.000000e+00,0.000000e+00,112,431
0.000000e+00,2.206411e-07,2.537834e-08,4.425615e-07,0.000000e+00,0.000000e+00,0.000000e+00,0.000000e+00,0.000000e+00,0.000000e+00,0.000000e+00,113,431
0.000000e+00,1.094386e-07,-1.057929e-08,3.194158e-07,0.000000e+00,0.000000e+00,0.000000e+00,0.000000e+00,0.000000e+00,0.000000e+00,0.000000e+00,114,431
0.000000e+00,-2.666797e-08,1.812158e-07,5.438583e-07,0.000000e+00,0.000000e+00,0.000000e+00,0.000000e+00,0.000000e+00,0.000000e+00,0.000000e+00,115,431
0.000000e+00,-1.729435e-07,-8.412712e-08,5.296285e-07,0.000000e+00,0.000000e+00,0.000000e+00,0.000000e+00,0.000000e+00,0.000000e+00,0.000000e+00,116,431
0.000000e+00,1.138903e-07,2.516196e-07,3.835019e-07,0.000000e+00,0.000000e+00,0.000000e+00,0.000000e+00,0.000000e+00,0.000000e+00,0.000000e+00,117,431
0.000000e+00,7.005772e-08,2.170333e-07,5.357949e-07,0.000000e+00,0.000000e+00,0.000000e+00,0.000000e+00,0.000000e+00,0.000000e+00,0.000000e+00,118,431
0.000000e+00,-1.018904e-07,2.433646e-07,5.035840e-07,0.000000e+00,0.000000e+00,0.000000e+00,0.000000e+00,0.000000e+00,0.000000e+00,0.000000e+00,119,431
0.000000e+00,-3.025347e-08,-4.307272e-08,4.527976e-07,0.000000e+00,0.000000e+00,0.000000e+00,0.000000e+00,0.000000e+00,0.000000e+00,0.000000e+00,120,431
0.000000e+00,-5.211289e-08,1.495271e-07,5.483598e-07,0.000000e+00,0.000000e+00,0.000000e+00,0.000000e+00,0.000000e+00,0.000000e+00,0.000000e+00,121,431
0.000000e+00,-1.125832e-07,-1.926942e-07,2.319710e-07,0.000000e+00,0.000000e+00,0.000000e+00,0.000000e+00,0.000000e+00,0.000000e+00,0.000000e+00,122,431
0.000000e+00,-2.028223e-07,1.706311e-07,3.556429e-07,0.000000e+00,0.000000e+00,0.000000e+00,0.000000e+00,0.000000e+00,0.000000e+00,0.000000e+00,123,431
0.000000e+00,-1.671343e-07,1.067233e-07,2.678470e-07,0.000000e+00,0.000000e+00,0.000000e+00,0.000000e+00,0.000000e+00,0.000000e+00,0.000000e+00,124,431
0.000000e+00,9.292960e-10,7.150356e-08,5.776652e-07,0.000000e+00,0.000000e+00,0.000000e+00,0.000000e+00,0.000000e+00,0.000000e+00,0.000000e+00,125,431
0.000000e+00,-5.671046e-09,-2.135637e-08,1.689500e-07,0.000000e+00,0.000000e+00,0.000000e+00,0.000000e+00,0.000000e+00,0.000000e+00,0.000000e+00,126,431
0.000000e+00,-1.460560e-07,-5.999778e-08,3.433218e-07,0.000000e+00,0.000000e+00,0.000000e+00,0.000000e+00,0.000000e+00,0.000000e+00,0.000000e+00,127,431
0.000000e+00,-2.776944e-08,2.166036e-07,3.400523e-07,0.000000e+00,0.000000e+00,0.000000e+00,0.000000e+00,0.000000e+00,0.000000e+00,0.000000e+00,128,431
0.000000e+00,-2.002777e-07,-1.890784e-07,3.326823e-07,0.000000e+00,0.000000e+00,0.000000e+00,0.000000e+00,0.000000e+00,0.000000e+00,0.000000e+00,129,431
0.000000e+00,1.387776e-07,1.325456e-07,5.184439e-07,0.000000e+00,0.000000e+00,0.000000e+00,0.000000e+00,0.000000e+00,0.000000e+00,0.000000e+00,130,431
0.000000e+00,2.631547e-07,-4.424237e-08,2.736876e-07,0.000000e+00,0.000000e+00,0.000000e+00,0.000000e+00,0.000000e+00,0.000000e+00,0.000000e+00,131,431
0.000000e+00,1.734249e-07,1.935039e-09,2.088912e-07,0.000000e+00,0.000000e+00,0.000000e+00,0.000000e+00,0.000000e+00,0.000000e+00,0.000000e+00,132,431
0.000000e+00,4.554169e-08,-2.854163e-07,3.479230e-07,0.000000e+00,0.000000e+00,0.000000e+00,0.000000e+00,0.000000e+00,0.000000e+00,0.000000e+00,133,431
0.000000e+00,3.178633e-08,9.439136e-08,1.241892e-07,0.000000e+00,0.000000e+00,0.000000e+00,0.000000e+00,0.000000e+00,0.000000e+00,0.000000e+00,134,431
0.000000e+00,2.519350e-07,-2.721961e-08,2.637908e-07,0.000000e+00,0.000000e+00,0.000000e+00,0.000000e+00,0.000000e+00,0.000000e+00,0.000000e+00,135,431
0.000000e+00,5.581191e-08,1.546129e-07,4.087828e-07,0.000000e+00,0.000000e+00,0.000000e+00,0.000000e+00,0.000000e+00,0.000000e+00,0.000000e+00,136,431
0.000000e+00,4.679608e-08,1.743389e-08,3.330366e-07,0.000000e+00,0.000000e+00,0.000000e+00,0.000000e+00,0.000000e+00,0.000000e+00,0.000000e+00,137,431
0.000000e+00,3.925208e-08,-1.815435e-07,2.901982e-07,0.000000e+00,0.000000e+00,0.000000e+00,0.000000e+00,0.000000e+00,0.000000e+00,0.000000e+00,138,431
0.000000e+00,-1.932148e-07,-8.284508e-08,4.616424e-07,0.000000e+00,0.000000e+00,0.000000e+00,0.000000e+00,0.000000e+00,0.000000e+00,0.000000e+00,139,431
0.000000e+00,-1.669018e-08,1.970348e-07,6.044577e-07,0.000000e+00,0.000000e+00,0.000000e+00,0.000000e+00,0.000000e+00,0.000000e+00,0.000000e+00,140,431
0.000000e+00,2.788099e-08,4.344739e-09,2.170666e-07,0.000000e+00,0.000000e+00,0.000000e+00,0.000000e+00,0.000000e+00,0.000000e+00,0.000000e+00,141,431
0.000000e+00,1.874077e-07,2.089851e-08,3.770955e-07,0.000000e+00,0.000000e+00,0.000000e+00,0.000000e+00,0.000000e+00,0.000000e+00,0.000000e+00,142,431
0.000000e+00,-1.297174e-07,7.828696e-08,2.758523e-07,0.000000e+00,0.000000e+00,0.000000e+00,0.000000e+00,0.000000e+00,0.000000e+00,0.000000e+00,143,431
0.000000e+00,-7.706120e-08,-1.945128e-07,2.165157e-07,0.000000e+00,0.000000e+00,0.000000e+00,0.000000e+00,0.000000e+00,0.000000e+00,0.000000e+00,144,431
0.000000e+00,2.534707e-07,-4.316098e-08,4.660684e-07,0.000000e+00,0.000000e+00,0.000000e+00,0.000000e+00,0.000000e+00,0.000000e+00,0.000000e+00,145,431
0.000000e+00,7.386732e-08,1.314003e-07,2.489353e-07,0.000000e+00,0.000000e+00,0.000000e+00,0.000000e+00,0.000000e+00,0.000000e+00,0.000000e+00,146,431
0.000000e+00,2.722623e-07,5.512725e-08,3.878792e-07,0.000000e+00,0.000000e+00,0.000000e+00,0.000000e+00,0.000000e+00,0.000000e+00,0.000000e+00,147,431
0.000000e+00,-6.563218e-08,1.045695e-07,6.027536e-07,0.000000e+00,0.000000e+00,0.000000e+00,0.000000e+00,0.000000e+00,0.000000e+00,0.000000e+00,148,431
0.000000e+00,-1.028962e-07,2.122648e-07,5.167421e-07,0.000000e+00,0.000000e+00,0.000000e+00,0.000000e+00,0.000000e+00,0.000000e+00,0.000000e+00,149,431
0.000000e+00,-5.297496e-08,1.602856e-07,5.022147e-07,0.000000e+00,0.000000e+00,0.000000e+00,0.000000e+00,0.000000e+00,0.000000e+00,0.000000e+00,150,431
0.000000e+00,-2.303700e-07,-1.333843e-07,4.155017e-07,0.000000e+00,0.000000e+00,0.000000e+00,0.000000e+00,0.000000e+00,0.000000e+00,0.000000e+00,151,431
0.000000e+00,-1.633069e-07,-1.705566e-08,2.730182e-07,0.000000e+00,0.000000e+00,0.000000e+00,0.000000e+00,0.000000e+00,0.000000e+00,0.000000e+00,152,431
0.000000e+00,1.462232e-07,-1.003180e-07,2.084481e-07,0.000000e+00,0.000000e+00,0.000000e+00,0.000000e+00,0.000000e+00,0.000000e+00,0.000000e+00,153,431
0.000000e+00,6.618883e-08,1.238292e-07,5.197294e-07,0.000000e+00,0.000000e+00,0.000000e+00,0.000000e+00,0.000000e+00,0.000000e+00,0.000000e+00,154,431
0.000000e+00,-2.543409e-07,7.071639e-08,4.716230e-07,0.000000e+00,0.000000e+00,0.000000e+00,0.000000e+00,0.000000e+00,0.000000e+00,0.000000e+00,155,431
0.000000e+00,-1.764631e-07,-4.916335e-09,6.082060e-07,0.000000e+00,0.000000e+00,0.000000e+00,0.000000e+00,0.000000e+00,0.000000e+00,0.000000e+00,156,431
0.000000e+00,-1.213952e-07,3.614948e-08,1.894801e-07,0.000000e+00,0.000000e+00,0.000000e+00,0.000000e+00,0.000000e+00,0.000000e+00,0.000000e+00,157,431
0.000000e+00,7.625724e-08,-1.949862e-07,2.799389e-07,0.000000e+00,0.000000e+00,0.000000e+00,0.000000e+00,0.000000e+00,0.000000e+00,0.000000e+00,158,431
0.000000e+00,-1.841904e-07,7.336881e-08,3.326525e-07,0.000000e+00,0.000000e+00,0.000000e+00,0.000000e+00,0.000000e+00,0.000000e+00,0.000000e+00,159,431
0.000000e+00,1.093848e-07,2.263277e-07,2.676246e-07,0.000000e+00,0.000000e+00,0.000000e+00,0.000000e+00,0.000000e+00,0.000000e+00,0.000000e+00,160,431
0.000000e+00,-1.982220e-07,-3.786015e-08,3.680481e-07,0.000000e+00,0.000000e+00,0.000000e+00,0.000000e+00,0.000000e+00,0.000000e+00,0.000000e+00,161,431
0.000000e+00,5.662298e-08,-1.422413e-07,4.472082e-07,0.000000e+00,0.000000e+00,0.000000e+00,0.000000e+00,0.000000e+00,0.000000e+00,0.000000e+00,162,431
0.000000e+00,-1.194516e-07,-1.154440e-07,3.364282e-07,0.000000e+00,0.000000e+00,0.000000e+00,0.000000e+00,0.000000e+00,0.000000e+00,0.000000e+00,163,431
0.000000e+00,-4.060348e-08,1.537518e-07,5.477003e-07,0.000000e+00,0.000000e+00,0.000000e+00,0.000000e+00,0.000000e+00,0.000000e+00,0.000000e+00,164,431
0.000000e+00,1.131116e-07,1.288989e-07,6.042403e-07,0.000000e+00,0.000000e+00,0.000000e+00,0.000000e+00,0.000000e+00,0.000000e+00,0.000000e+00,165,431
0.000000e+00,-1.232446e-07,-2.124221e-07,4.068299e-07,0.000000e+00,0.000000e+00,0.000000e+00,0.000000e+00,0.000000e+00,0.000000e+00,0.000000e+00,166,431
0.000000e+00,-5.523420e-08,1.452654e-07,5.333104e-07,0.000000e+00,0.000000e+00,0.000000e+00,0.000000e+00,0.000000e+00,0.000000e+00,0.000000e+00,167,431
0.000000e+00,8.239144e-08,2.747468e-07,3.376788e-07,0.000000e+00,0.000000e+00,0.000000e+00,0.000000e+00,0.000000e+00,0.000000e+00,0.000000e+00,168,431
0.000000e+00,-2.452545e-07,8.838233e-09,2.451685e-07,0.000000e+00,0.000000e+00,0.000000e+00,0.000000e+00,0.000000e+00,0.000000e+00,0.000000e+00,169,431
0.000000e+00,2.035568e-07,1.371719e-07,2.500511e-07,0.000000e+00,0.000000e+00,0.000000e+00,0.000000e+00,0.000000e+00,0.000000e+00,0.000000e+00,170,431
0.000000e+00,2.218657e-07,8.137458e-08,2.857530e-07,0.000000e+00,0.000000e+00,0.000000e+00,0.000000e+00,0.000000e+00,0.000000e+00,0.000000e+00,171,431
0.000000e+00,-2.474929e-07,-6.151848e-08,3.390776e-07,0.000000e+00,0.000000e+00,0.000000e+00,0.000000e+00,0.000000e+00,0.000000e+00,0.000000e+00,172,431
0.000000e+00,-7.172439e-08,8.471235e-10,3.360958e-07,0.000000e+00,0.000000e+00,0.000000e+00,0.000000e+00,0.000000e+00,0.000000e+00,0.000000e+00,173,431
0.000000e+00,1.194817e-09,2.475200e-07,2.927763e-07,0.000000e+00,0.000000e+00,0.000000e+00,0.000000e+00,0.000000e+00,0.000000e+00,0.000000e+00,174,431
0.000000e+00,-7.115125e-08,1.776487e-07,5.828514e-07,0.000000e+00,0.000000e+00,0.000000e+00,0.000000e+00,0.000000e+00,0.000000e+00,0.000000e+00,175,431
0.000000e+00,1.074258e-07,2.253687e-07,3.119647e-07,0.000000e+00,0.000000e+00,0.000000e+00,0.000000e+00,0.000000e+00,0.000000e+00,0.000000e+00,176,431
0.000000e+00,-1.385851e-07,-6.261368e-08,2.089379e-07,0.000000e+00,0.000000e+00,0.000000e+00,0.000000e+00,0.000000e+00,0.000000e+00,0.000000e+00,177,431
0.000000e+00,-3.558513e-08,-9.542661e-08,4.970378e-07,0.000000e+00,0.000000e+00,0.000000e+00,0.000000e+00,0.000000e+00,0.000000e+00,0.000000e+00,178,431
0.000000e+00,-6.460098e-08,2.311009e-07,4.791952e-07,0.000000e+00,0.000000e+00,0.000000e+00,0.000000e+00,0.000000e+00,0.000000e+00,0.000000e+00,179,431
0.000000e+00,3.339303e-08,-5.522865e-08,5.131415e-07,0.000000e+00,0.000000e+00,0.000000e+00,0.000000e+00,0.000000e+00,0.000000e+00,0.000000e+00,180,431
0.000000e+00,1.623509e-07,1.203265e-07,4.395590e-07,0.000000e+00,0.000000e+00,0.000000e+00,0.000000e+00,0.000000e+00,0.000000e+00,0.000000e+00,181,431
0.000000e+00,2.463678e-07,-1.322903e-08,4.862731e-07,0.000000e+00,0.000000e+00,0.000000e+00,0.000000e+00,0.000000e+00,0.000000e+00,0.000000e+00,182,431
0.000000e+00,-4.041676e-08,1.864063e-07,2.280008e-07,0.000000e+00,0.000000e+00,0.000000e+00,0.000000e+00,0.000000e+00,0.000000e+00,0.000000e+00,183,431
0.000000e+00,4.860886e-08,-1.232929e-07,2.321306e-07,0.000000e+00,0.000000e+00,0.000000e+00,0.000000e+00,0.000000e+00,0.000000e+00,0.000000e+00,184,431
0.000000e+00,-8.004903e-08,1.562079e-07,4.095383e-07,0.000000e+00,0.000000e+00,0.000000e+00,0.000000e+00,0.000000e+00,0.000000e+00,0.000000e+00,185,431
0.000000e+00,-3.015718e-08,2.288803e-07,4.406703e-07,0.000000e+00,0.000000e+00,0.000000e+00,0.000000e+00,0.000000e+00,0.000000e+00,0.000000e+00,186,431
0.000000e+00,-1.045427e-07,2.610939e-07,3.932066e-07,0.000000e+00,0.000000e+00,0.000000e+00,0.000000e+00,0.000000e+00,0.000000e+00,0.000000e+00,187,431
0.000000e+00,1.492555e-07,-1.920215e-07,3.445042e-07,0.000000e+00,0.000000e+00,0.000000e+00,0.000000e+00,0.000000e+00,0.000000e+00,0.000000e+00,188,431
0.000000e+00,-1.356850e-07,-1.152611e-07,4.050230e-07,0.000000e+00,0.000000e+00,0.000000e+00,0.000000e+00,0.000000e+00,0.000000e+00,0.000000e+00,189,431
0.000000e+00,6.907780e-08,1.537385e-07,2.736642e-07,0.000000e+00,0.000000e+00,0.000000e+00,0.000000e+00,0.000000e+00,0.000000e+00,0.000000e+00,190,431
0.000000e+00,-8.761727e-08,-1.295731e-07,4.867478e-07,0.000000e+00,0.000000e+00,0.000000e+00,0.000000e+00,0.000000e+00,0.000000e+00,0.000000e+00,191,431
0.000000e+00,-9.475761e-08,1.781160e-07,1.899559e-07,0.000000e+00,0.000000e+00,0.000000e+00,0.000000e+00,0.000000e+00,0.000000e+00,0.000000e+00,192,431
0.000000e+00,4.283274e-09,1.435337e-08,5.525968e-07,0.000000e+00,0.000000e+00,0.000000e+00,0.000000e+00,0.000000e+00,0.000000e+00,0.000000e+00,193,431
0.000000e+00,-8.048942e-08,1.327078e-07,6.329035e-07,0.000000e+00,0.000000e+00,0.000000e+00,0.000000e+00,0.000000e+00,0.000000e+00,0.000000e+00,194,431
0.000000e+00,-1.623841e-07,-3.347190e-09,5.111124e-07,0.000000e+00,0.000000e+00,0.000000e+00,0.000000e+00,0.000000e+00,0.000000e+00,0.000000e+00,195,431
0.000000e+00,1.514773e-07,-2.267711e-07,4.265384e-07,0.000000e+00,0.000000e+00,0.000000e+00,0.000000e+00,0.000000e+00,0.000000e+00,0.000000e+00,196,431
0.000000e+00,1.992803e-08,7.797304e-10,6.067643e-07,0.000000e+00,0.000000e+00,0.000000e+00,0.000000e+00,0.000000e+00,0.000000e+00,0.000000e+00,197,431
0.000000e+00,1.117175e-07,1.249740e-07,4.580547e-07,0.000000e+00,0.000000e+00,0.000000e+00,0.000000e+00,0.000000e+00,0.000000e+00,0.000000e+00,198,431
0.000000e+00,1.509945e-07,1.675962e-07,5.857430e-07,0.000000e+00,0.000000e+00,0.000000e+00,0.000000e+00,0.000000e+00,0.000000e+00,0.000000e+00,199,431
0.000000e+00,1.353449e-07,5.936275e-08,6.202218e-07,0.000000e+00,0.000000e+00,0.000000e+00,0.000000e+00,0.000000e+00,0.000000e+00,0.000000e+00,200,431
0.000000e+00,-2.556804e-07,-8.752359e-08,4.637854e-07,0.000000e+00,0.000000e+00,0.000000e+00,0.000000e+00,0.000000e+00,0.000000e+00,0.000000e+00,201,431
0.000000e+00,-9.170371e-08,-2.971413e-08,1.957089e-07,0.000000e+00,0.000000e+00,0.000000e+00,0.000000e+00,0.000000e+00,0.000000e+00,0.000000e+00,202,431
0.000000e+00,1.552985e-07,-1.156955e-07,3.299684e-07,0.000000e+00,0.000000e+00,0.000000e+00,0.000000e+00,0.000000e+00,0.000000e+00,0.000000e+00,203,431
0.000000e+00,-1.499586e-07,-1.292192e-07,2.854521e-07,0.000000e+00,0.000000e+00,0.000000e+00,0.000000e+00,0.000000e+00,0.000000e+00,0.000000e+00,204,431
0.000000e+00,-2.115867e-08,2.391831e-07,4.028200e-07,0.000000e+00,0.000000e+00,0.000000e+00,0.000000e+00,0.000000e+00,0.000000e+00,0.000000e+00,205,431
0.000000e+00,2.024813e-07,-9.272584e-08,2.969754e-07,0.000000e+00,0.000000e+00,0.000000e+00,0.000000e+00,0.000000e+00,0.000000e+00,0.000000e+00,206,431
0.000000e+00,-2.273970e-07,1.865931e-08,5.677795e-07,0.000000e+00,0.000000e+00,0.000000e+00,0.000000e+00,0.000000e+00,0.000000e+00,0.000000e+00,207,431
0.000000e+00,-2.151098e-08,8.448753e-08,3.315250e-07,0.000000e+00,0.000000e+00,0.000000e+00,0.000000e+00,0.000000e+00,0.000000e+00,0.000000e+00,208,431
0.000000e+00,1.203746e-07,1.406318e-07,3.359926e-07,0.000000e+00,0.000000e+00,0.000000e+00,0.000000e+00,0.000000e+00,0.000000e+00,0.000000e+00,209,431
0.000000e+00,-1.431223e-07,1.819630e-07,3.479979e-07,0.000000e+00,0.000000e+00,0.000000e+00,0.000000e+00,0.000000e+00,0.000000e+00,0.000000e+00,210,431
0.000000e+00,1.395843e-07,5.839663e-08,4.435724e-07,0.000000e+00,0.000000e+00,0.000000e+00,0.000000e+00,0.000000e+00,0.000000e+00,0.000000e+00,211,431
0.000000e+00,-1.544942e-07,9.533642e-08,2.314504e-07,0.000000e+00,0.000000e+00,0.000000e+00,0.000000e+00,0.000000e+00,0.000000e+00,0.000000e+00,212,431
0.000000e+00,-3.170846e-08,2.722960e-07,2.941260e-07,0.000000e+00,0.000000e+00,0.000000e+00,0.000000e+00,0.000000e+00,0.000000e+00,0.000000e+00,213,431
0.000000e+00,2.548068e-07,1.133374e-07,4.456097e-07,0.000000e+00,0.000000e+00,0.000000e+00,0.000000e+00,0.000000e+00,0.000000e+00,0.000000e+00,214,431
0.000000e+00,1.609240e-07,-1.088256e-07,5.618357e-07,0.000000e+00,0.000000e+00,0.000000e+00,0.000000e+00,0.000000e+00,0.000000e+00,0.000000e+00,215,431
0.000000e+00,6.412761e-08,-1.262265e-07,5.575621e-07,0.000000e+00,0.000000e+00,0.000000e+00,0.000000e+00,0.000000e+00,0.000000e+00,0.000000e+00,216,431
0.000000e+00,5.936152e-08,8.020680e-08,1.185934e-07,0.000000e+00,0.000000e+00,0.000000e+00,0.000000e+00,0.000000e+00,0.000000e+00,0.000000e+00,217,431
0.000000e+00,1.039858e-07,2.011532e-08,3.262498e-07,0.000000e+00,0.000000e+00,0.000000e+00,0.000000e+00,0.000000e+00,0.000000e+00,0.000000e+00,218,431
0.000000e+00,2.197530e-07,4.801432e-08,3.237183e-07,0.000000e+00,0.000000e+00,0.000000e+00,0.000000e+00,0.000000e+00,0.000000e+00,0.000000e+00,219,431
0.000000e+00,-2.022962e-07,1.412654e-07,4.623241e-07,0.000000e+00,0.000000e+00,0.000000e+00,0.000000e+00,0.000000e+00,0.000000e+00,0.000000e+00,220,431
0.000000e+00,3.921316e-09,1.874324e-07,2.974566e-07,0.000000e+00,0.000000e+00,0.000000e+00,0.000000e+00,0.000000e+00,0.000000e+00,0.000000e+00,221,431
0.000000e+00,4.670663e-08,2.332552e-07,5.719470e-07,0.000000e+00,0.000000e+00,0.000000e+00,0.000000e+00,0.000000e+00,0.000000e+00,0.000000e+00,222,431
0.000000e+00,-1.708659e-07,7.563394e-08,6.077535e-07,0.000000e+00,0.000000e+00,0.000000e+00,0.000000e+00,0.000000e+00,0.000000e+00,0.000000e+00,223,431
0.000000e+00,-1.673581e-08,-1.618885e-07,4.896623e-07,0.000000e+00,0.000000e+00,0.000000e+00,0.000000e+00,0.000000e+00,0.000000e+00,0.000000e+00,224,431
0.000000e+00,1.858932e-07,6.582909e-08,4.352651e-07,0.000000e+00,0.000000e+00,0.000000e+00,0.000000e+00,0.000000e+00,0.000000e+00,0.000000e+00,225,431
0.000000e+00,-7.703991e-10,8.330640e-08,3.482046e-07,0.000000e+00,0.000000e+00,0.000000e+00,0.000000e+00,0.000000e+00,0.000000e+00,0.000000e+00,226,431
0.000000e+00,1.151935e-07,8.841881e-08,2.787438e-07,0.000000e+00,0.000000e+00,0.000000e+00,0.000000e+00,0.000000e+00,0.000000e+00,0.000000e+00,227,431
0.000000e+00,1.238444e-07,-9.426386e-08,1.860707e-07,0.000000e+00,0.000000e+00,0.000000e+00,0.000000e+00,0.000000e+00,0.000000e+00,0.000000e+00,228,431
0.000000e+00,9.298225e-08,1.590448e-07,2.316622e-07,0.000000e+00,0.000000e+00,0.000000e+00,0.000000e+00,0.000000e+00,0.000000e+00,0.000000e+00,229,431
0.000000e+00,2.160197e-07,1.623605e-07,3.038112e-07,0.000000e+00,0.000000e+00,0.000000e+00,0.000000e+00,0.000000e+00,0.000000e+00,0.000000e+00,230,431
0.000000e+00,-3.239319e-08,1.080339e-07,5.670646e-07,0.000000e+00,0.000000e+00,0.000000e+00,0.000000e+00,0.000000e+00,0.000000e+00,0.000000e+00,231,431
0.000000e+00,-3.309294e-08,1.452443e-07,4.717099e-07,0.000000e+00,0.000000e+00,0.000000e+00,0.000000e+00,0.000000e+00,0.000000e+00,0.000000e+00,232,431
0.000000e+00,-5.654118e-08,1.498031e-07,1.723371e-07,0.000000e+00,0.000000e+00,0.000000e+00,0.000000e+00,0.000000e+00,0.000000e+00,0.000000e+00,233,431
0.000000e+00,-1.738629e-07,1.228535e-07,4.904852e-07,0.000000e+00,0.000000e+00,0.000000e+00,0.000000e+00,0.000000e+00,0.000000e+00,0.000000e+00,234,431
0.000000e+00,-1.324047e-07,-1.764589e-07,4.106336e-07,0.000000e+00,0.000000e+00,0.000000e+00,0.000000e+00,0.000000e+00,0.000000e+00,0.000000e+00,235,431
0.000000e+00,1.916387e-07,1.132584e-07,5.707249e-07,0.000000e+00,0.000000e+00,0.000000e+00,0.000000e+00,0.000000e+00,0.000000e+00,0.000000e+00,236,431
0.000000e+00,-1.434871e-08,4.621858e-08,5.723340e-07,0.000000e+00,0.000000e+00,0.000000e+00,0.000000e+00,0.000000e+00,0.000000e+00,0.000000e+00,237,431
0.000000e+00,1.393606e-07,2.710947e-08,3.722796e-07,0.000000e+00,0.000000e+00,0.000000e+00,0.000000e+00,0.000000e+00,0.000000e+00,0.000000e+00,238,431
0.000000e+00,-8.762908e-09,4.894838e-08,6.419766e-07,0.000000e+00,0.000000e+00,0.000000e+00,0.000000e+00,0.000000e+00,0.000000e+00,0.000000e+00,239,431
0.000000e+00,2.385608e-07,5.166443e-08,3.345281e-07,0.000000e+00,0.000000e+00,0.000000e+00,0.000000e+00,0.000000e+00,0.000000e+00,0.000000e+00,240,431
0.000000e+00,-2.359043e-09,-2.790463e-07,3.725018e-07,0.000000e+00,0.000000e+00,0.000000e+00,0.000000e+00,0.000000e+00,0.000000e+00,0.000000e+00,241,431
0.000000e+00,1.180857e-07,-2.587603e-09,3.311902e-07,0.000000e+00,0.000000e+00,0.000000e+00,0.000000e+00,0.000000e+00,0.000000e+00,0.000000e+00,242,431
0.000000e+00,-2.628544e-08,-9.034457e-08,2.762393e-07,0.000000e+00,0.000000e+00,0.000000e+00,0.000000e+00,0.000000e+00,0.000000e+00,0.000000e+00,243,431
0.000000e+00,1.065338e-07,1.761059e-07,2.289303e-07,0.000000e+00,0.000000e+00,0.000000e+00,0.000000e+00,0.000000e+00,0.000000e+00,0.000000e+00,244,431
0.000000e+00,-2.662213e-08,-1.645156e-07,4.760291e-07,0.000000e+00,0.000000e+00,0.000000e+00,0.000000e+00,0.000000e+00,0.000000e+00,0.000000e+00,245,431
0.000000e+00,-2.700654e-07,-4.942932e-08,4.976094e-07,0.000000e+00,0.000000e+00,0.000000e+00,0.000000e+00,0.000000e+00,0.000000e+00,0.000000e+00,246,431
0.000000e+00,-1.362492e-07,1.253619e-07,5.002947e-07,0.000000e+00,0.000000e+00,0.000000e+00,0.000000e+00,0.000000e+00,0.000000e+00,0.000000e+00,247,431
0.000000e+00,3.411782e-08,2.571430e-07,2.903807e-07,0.000000e+00,0.000000e+00,0.000000e+00,0.000000e+00,0.000000e+00,0.000000e+00,0.000000e+00,248,431
0.000000e+00,-1.335931e-08,1.783781e-07,3.062058e-07,0.000000e+00,0.000000e+00,0.000000e+00,0.000000e+00,0.000000e+00,0.000000e+00,0.000000e+00,249,431
0.000000e+00,1.393623e-07,-1.161501e-07,5.537941e-07,0.000000e+00,0.000000e+00,0.000000e+00,0.000000e+00,0.000000e+00,0.000000e+00,0.000000e+00,250,431
0.000000e+00,2.373137e-07,1.212551e-08,3.369427e-07,0.000000e+00,0.000000e+00,0.000000e+00,0.000000e+00,0.000000e+00,0.000000e+00,0.000000e+00,251,431
0.000000e+00,-8.351046e-08,7.743023e-08,2.739037e-07,0.000000e+00,0.000000e+00,0.000000e+00,0.000000e+00,0.000000e+00,0.000000e+00,0.000000e+00,252,431
0.000000e+00,-1.249999e-07,1.794294e-08,4.427053e-07,0.000000e+00,0.000000e+00,0.000000e+00,0.000000e+00,0.000000e+00,0.000000e+00,0.000000e+00,253,431
0.000000e+00,-2.120218e-07,-1.337775e-07,2.823736e-07,0.000000e+00,0.000000e+00,0.000000e+00,0.000000e+00,0.000000e+00,0.000000e+00,0.000000e+00,254,431
0.000000e+00,1.374758e-07,-1.061275e-07,2.970163e-07,0.000000e+00,0.000000e+00,0.000000e+00,0.000000e+00,0.000000e+00,0.000000e+00,0.000000e+00,255,431
0.000000e+00,8.113358e-09,-5.348518e-08,3.789213e-07,0.000000e+00,0.000000e+00,0.000000e+00,0.000000e+00,0.000000e+00,0.000000e+00,0.000000e+00,256,431
0.000000e+00,-1.168411e-07,-3.723467e-08,5.321422e-07,0.000000e+00,0.000000e+00,0.000000e+00,0.000000e+00,0.000000e+00,0.000000e+00,0.000000e+00,257,431
0.000000e+00,3.123079e-08,1.130464e-07,4.564064e-07,0.000000e+00,0.000000e+00,0.000000e+00,0.000000e+00,0.000000e+00,0.000000e+00,0.000000e+00,258,431
0.000000e+00,2.311815e-07,1.266026e-07,4.700548e-07,0.000000e+00,0.000000e+00,0.000000e+00,0.000000e+00,0.000000e+00,0.000000e+00,0.000000e+00,259,431
0.000000e+00,1.120828e-07,3.591536e-09,6.542982e-07,0.000000e+00,0.000000e+00,0.000000e+00,0.000000e+00,0.000000e+00,0.000000e+00,0.000000e+00,260,431
0.000000e+00,-1.606783e-07,2.180808e-07,3.670650e-07,0.000000e+00,0.000000e+00,0.000000e+00,0.000000e+00,0.000000e+00,0.000000e+00,0.000000e+00,261,431
0.000000e+00,2.754662e-07,3.524265e-08,3.897055e-07,0.000000e+00,0.000000e+00,0.000000e+00,0.000000e+00,0.000000e+00,0.000000e+00,0.000000e+00,262,431
0.000000e+00,1.855036e-07,-1.999391e-07,3.923655e-07,0.000000e+00,0.000000e+00,0.000000e+00,0.000000e+00,0.000000e+00,0.000000e+00,0.000000e+00,263,431
0.000000e+00,1.004000e-07,-6.213694e-08,4.379428e-07,0.000000e+00,0.000000e+00,0.000000e+00,0.000000e+00,0.000000e+00,0.000000e+00,0.000000e+00,264,431
0.000000e+00,4.968753e-08,2.320275e-07,3.777579e-07,0.000000e+00,0.000000e+00,0.000000e+00,0.000000e+00,0.000000e+00,0.000000e+00,0.000000e+00,265,431
0.000000e+00,2.070508e-07,6.347053e-08,5.265996e-07,0.000000e+00,0.000000e+00,0.000000e+00,0.000000e+00,0.000000e+00,0.000000e+00,0.000000e+00,266,431
0.000000e+00,-2.093167e-07,1.566249e-07,3.203236e-07,0.000000e+00,0.000000e+00,0.000000e+00,0.000000e+00,0.000000e+00,0.000000e+00,0.000000e+00,267,431
0.000000e+00,1.720333e-07,-1.613071e-07,2.637890e-07,0.000000e+00,0.000000e+00,0.000000e+00,0.000000e+00,0.000000e+00,0.000000e+00,0.000000e+00,268,431
0.000000e+00,-1.477584e-07,8.792930e-08,3.087866e-07,0.000000e+00,0.000000e+00,0.000000e+00,0.000000e+00,0.000000e+00,0.000000e+00,0.000000e+00,269,431
0.000000e+00,-3.159186e-08,-1.393611e-07,3.275680e-07,0.000000e+00,0.000000e+00,0.000000e+00,0.000000e+00,0.000000e+00,0.000000e+00,0.000000e+00,270,431
0.000000e+00,-1.492229e-07,-1.194922e-07,3.782948e-07,0.000000e+00,0.000000e+00,0.000000e+00,0.000000e+00,0.000000e+00,0.000000e+00,0.000000e+00,271,431
0.000000e+00,-1.742821e-07,-1.051997e-07,2.382506e-07,0.000000e+00,0.000000e+00,0.000000e+00,0.000000e+00,0.000000e+00,0.000000e+00,0.000000e+00,272,431
0.000000e+00,1.433062e-07,-9.283369e-08,4.344517e-07,0.000000e+00,0.000000e+00,0.000000e+00,0.000000e+00,0.000000e+00,0.000000e+00,0.000000e+00,273,431
0.000000e+00,-1.606270e-07,1.393024e-07,5.430038e-07,0.000000e+00,0.000000e+00,0.000000e+00,0.000000e+00,0.000000e+00,0.000000e+00,0.000000e+00,274,431
0.000000e+00,-1.420299e-07,-2.259326e-09,4.869335e-07,0.000000e+00,0.000000e+00,0.000000e+00,0.000000e+00,0.000000e+00,0.000000e+00,0.000000e+00,275,431
0.000000e+00,-1.883452e-07,6.028573e-08,3.894426e-07,0.000000e+00,0.000000e+00,0.000000e+00,0.000000e+00,0.000000e+00,0.000000e+00,0.000000e+00,276,431
0.000000e+00,-1.393190e-07,4.019740e-08,6.356714e-07,0.000000e+00,0.000000e+00,0.000000e+00,0.000000e+00,0.000000e+00,0.000000e+00,0.000000e+00,277,431
0.000000e+00,-2.150527e-07,-2.117588e-08,3.109067e-07,0.000000e+00,0.000000e+00,0.000000e+00,0.000000e+00,0.000000e+00,0.000000e+00,0.000000e+00,278,431
0.000000e+00,-1.032448e-07,3.497270e-08,3.381953e-07,0.000000e+00,0.000000e+00,0.000000e+00,0.000000e+00,0.000000e+00,0.000000e+00,0.000000e+00,279,431
0.000000e+00,-2.038077e-07,-2.050850e-07,3.471678e-07,0.000000e+00,0.000000e+00,0.000000e+00,0.000000e+00,0.000000e+00,0.000000e+00,0.000000e+00,280,431
0.000000e+00,1.941000e-07,8.407678e-08,5.864088e-07,0.000000e+00,0.000000e+00,0.000000e+00,0.000000e+00,0.000000e+00,0.000000e+00,0.000000e+00,281,431
0.000000e+00,1.294252e-08,7.223871e-08,1.236492e-07,0.000000e+00,0.000000e+00,0.000000e+00,0.000000e+00,0.000000e+00,0.000000e+00,0.000000e+00,282,431
0.000000e+00,1.003054e-07,2.343478e-07,2.777593e-07,0.000000e+00,0.000000e+00,0.000000e+00,0.000000e+00,0.000000e+00,0.000000e+00,0.000000e+00,283,431
0.000000e+00,-7.411451e-08,-2.168984e-07,3.349849e-07,0.000000e+00,0.000000e+00,0.000000e+00,0.000000e+00,0.000000e+00,0.000000e+00,0.000000e+00,284,431
0.000000e+00,1.642461e-07,2.006648e-07,5.124058e-07,0.000000e+00,0.000000e+00,0.000000e+00,0.000000e+00,0.000000e+00,0.000000e+00,0.000000e+00,285,431
0.000000e+00,-3.824486e-08,2.748014e-07,4.768155e-07,0.000000e+00,0.000000e+00,0.000000e+00,0.000000e+00,0.000000e+00,0.000000e+00,0.000000e+00,286,431
0.000000e+00,2.711731e-07,-7.406915e-09,4.455754e-07,0.000000e+00,0.000000e+00,0.000000e+00,0.000000e+00,0.000000e+00,0.000000e+00,0.000000e+00,287,431
0.000000e+00,-1.013645e-07,-1.258684e-08,1.962101e-07,0.000000e+00,0.000000e+00,0.000000e+00,0.000000e+00,0.000000e+00,0.000000e+00,0.000000e+00,288,431
0.000000e+00,-1.622184e-07,-2.135402e-07,4.003863e-07,0.000000e+00,0.000000e+00,0.000000e+00,0.000000e+00,0.000000e+00,0.000000e+00,0.000000e+00,289,431
0.000000e+00,-7.817075e-08,-1.474851e-07,2.158540e-07,0.000000e+00,0.000000e+00,0.000000e+00,0.000000e+00,0.000000e+00,0.000000e+00,0.000000e+00,290,431
0.000000e+00,4.502122e-08,2.682547e-07,4.620961e-07,0.000000e+00,0.000000e+00,0.000000e+00,0.000000e+00,0.000000e+00,0.000000e+00,0.000000e+00,291,431
0.000000e+00,-4.198176e-08,-9.048490e-08,1.427550e-07,0.000000e+00,0.000000e+00,0.000000e+00,0.000000e+00,0.000000e+00,0.000000e+00,0.000000e+00,292,431
0.000000e+00,9.631073e-08,1.996516e-07,4.655158e-07,0.000000e+00,0.000000e+00,0.000000e+00,0.000000e+00,0.000000e+00,0.000000e+00,0.000000e+00,293,431
0.000000e+00,-1.468155e-07,-5.259657e-08,6.101711e-07,0.000000e+00,0.000000e+00,0.000000e+00,0.000000e+00,0.000000e+00,0.000000e+00,0.000000e+00,294,431
0.000000e+00,-1.579001e-07,-3.306921e-08,4.921044e-07,0.000000e+00,0.000000e+00,0.000000e+00,0.000000e+00,0.000000e+00,0.000000e+00,0.000000e+00,295,431
0.000000e+00,1.583640e-07,-1.581113e-07,5.374455e-07,0.000000e+00,0.000000e+00,0.000000e+00,0.000000e+00,0.000000e+00,0.000000e+00,0.000000e+00,296,431
0.000000e+00,4.962137e-08,-1.146191e-07,4.626203e-07,0.000000e+00,0.000000e+00,0.000000e+00,0.000000e+00,0.000000e+00,0.000000e+00,0.000000e+00,297,431
0.000000e+00,1.766641e-07,1.753471e-07,3.258178e-07,0.000000e+00,0.000000e+00,0.000000e+00,0.000000e+00,0.000000e+00,0.000000e+00,0.000000e+00,298,431
0.000000e+00,2.228337e-07,-9.347049e-08,2.689204e-07,0.000000e+00,0.000000e+00,0.000000e+00,0.000000e+00,0.000000e+00,0.000000e+00,0.000000e+00,299,431
0.000000e+00,-2.491730e-08,1.266422e-07,6.032563e-07,0.000000e+00,0.000000e+00,0.000000e+00,0.000000e+00,0.000000e+00,0.000000e+00,0.000000e+00,300,431
0.000000e+00,5.503846e-08,1.007266e-07,4.881496e-07,0.000000e+00,0.000000e+00,0.000000e+00,0.000000e+00,0.000000e+00,0.000000e+00,0.000000e+00,301,431
0.000000e+00,-2.296704e-07,1.337754e-07,4.786494e-07,0.000000e+00,0.000000e+00,0.000000e+00,0.000000e+00,0.000000e+00,0.000000e+00,0.000000e+00,302,431
0.000000e+00,-1.337525e-08,1.326157e-07,1.497889e-07,0.000000e+00,0.000000e+00,0.000000e+00,0.000000e+00,0.000000e+00,0.000000e+00,0.000000e+00,303,431
0.000000e+00,1.385557e-07,1.490754e-07,3.640994e-07,0.000000e+00,0.000000e+00,0.000000e+00,0.000000e+00,0.000000e+00,0.000000e+00,0.000000e+00,304,431
0.000000e+00,2.189406e-07,1.116730e-07,3.467572e-07,0.000000e+00,0.000000e+00,0.000000e+00,0.000000e+00,0.000000e+00,0.000000e+00,0.000000e+00,305,431
0.000000e+00,-3.463951e-08,-2.410343e-08,6.802799e-07,0.000000e+00,0.000000e+00,0.000000e+00,0.000000e+00,0.000000e+00,0.000000e+00,0.000000e+00,306,431
0.000000e+00,-1.331913e-07,-9.809961e-08,4.212918e-07,0.000000e+00,0.000000e+00,0.000000e+00,0.000000e+00,0.000000e+00,0.000000e+00,0.000000e+00,307,431
0.000000e+00,-1.762914e-07,1.600770e-07,4.453424e-07,0.000000e+00,0.000000e+00,0.000000e+00,0.000000e+00,0.000000e+00,0.000000e+00,0.000000e+00,308,431
0.000000e+00,-2.084457e-07,9.434474e-08,3.645848e-07,0.000000e+00,0.000000e+00,0.000000e+00,0.000000e+00,0.000000e+00,0.000000e+00,0.000000e+00,309,431
0.000000e+00,2.596469e-07,-3.430135e-08,4.517316e-07,0.000000e+00,0.000000e+00,0.000000e+00,0.000000e+00,0.000000e+00,0.000000e+00,0.000000e+00,310,431
0.000000e+00,-1.055653e-07,6.000809e-08,6.181315e-07,0.000000e+00,0.000000e+00,0.000000e+00,0.000000e+00,0.000000e+00,0.000000e+00,0.000000e+00,311,431
0.000000e+00,-1.561819e-07,2.059337e-07,3.044644e-07,0.000000e+00,0.000000e+00,0.000000e+00,0.000000e+00,0.000000e+00,0.000000e+00,0.000000e+00,312,431
0.000000e+00,1.985079e-07,8.114808e-08,4.585102e-07,0.000000e+00,0.000000e+00,0.000000e+00,0.000000e+00,0.000000e+00,0.000000e+00,0.000000e+00,313,431
0.000000e+00,3.742133e-08,2.846904e-07,4.552395e-07,0.000000e+00,0.000000e+00,0.000000e+00,0.000000e+00,0.000000e+00,0.000000e+00,0.000000e+00,314,431
0.000000e+00,5.706758e-08,-1.028369e-07,2.158266e-07,0.000000e+00,0.000000e+00,0.000000e+00,0.000000e+00,0.000000e+00,0.000000e+00,0.000000e+00,315,431
0.000000e+00,-1.770999e-07,-1.158452e-08,4.188626e-07,0.000000e+00,0.000000e+00,0.000000e+00,0.000000e+00,0.000000e+00,0.000000e+00,0.000000e+00,316,431
0.000000e+00,-9.219896e-08,2.195780e-07,2.401212e-07,0.000000e+00,0.000000e+00,0.000000e+00,0.000000e+00,0.000000e+00,0.000000e+00,0.000000e+00,317,431
0.000000e+00,1.882517e-07,-1.439796e-08,2.854285e-07,0.000000e+00,0.000000e+00,0.000000e+00,0.000000e+00,0.000000e+00,0.000000e+00,0.000000e+00,318,431
0.000000e+00,-1.715943e-07,1.949616e-07,4.977570e-07,0.000000e+00,0.000000e+00,0.000000e+00,0.000000e+00,0.000000e+00,0.000000e+00,0.000000e+00,319,431
0.000000e+00,2.006930e-07,-1.420534e-07,5.247299e-07,0.000000e+00,0.000000e+00,0.000000e+00,0.000000e+00,0.000000e+00,0.000000e+00,0.000000e+00,320,431
0.000000e+00,1.190528e-07,1.147600e-07,4.060709e-07,0.000000e+00,0.000000e+00,0.000000e+00,0.000000e+00,0.000000e+00,0.000000e+00,0.000000e+00,321,431
0.000000e+00,-1.331734e-07,-1.632316e-07,4.046553e-07,0.000000e+00,0.000000e+00,0.000000e+00,0.000000e+00,0.000000e+00,0.000000e+00,0.000000e+00,322,431
0.000000e+00,-2.573522e-07,6.433868e-08,4.530793e-07,0.000000e+00,0.000000e+00,0.000000e+00,0.000000e+00,0.000000e+00,0.000000e+00,0.000000e+00,323,431
0.000000e+00,2.856268e-08,-3.563361e-08,5.379340e-07,0.000000e+00,0.000000e+00,0.000000e+00,0.000000e+00,0.000000e+00,0.000000e+00,0.000000e+00,324,431
0.000000e+00,-1.410164e-07,8.797323e-08,5.038720e-07,0.000000e+00,0.000000e+00,0.000000e+00,0.000000e+00,0.000000e+00,0.000000e+00,0.000000e+00,325,431
0.000000e+00,1.601771e-07,9.565505e-08,5.412428e-07,0.000000e+00,0.000000e+00,0.000000e+00,0.000000e+00,0.000000e+00,0.000000e+00,0.000000e+00,326,431
0.000000e+00,7.450784e-09,1.825750e-07,4.403339e-07,0.000000e+00,0.000000e+00,0.000000e+00,0.000000e+00,0.000000e+00,0.000000e+00,0.000000e+00,327,431
0.000000e+00,4.502579e-08,-2.765127e-08,6.473374e-07,0.000000e+00,0.000000e+00,0.000000e+00,0.000000e+00,0.000000e+00,0.000000e+00,0.000000e+00,328,431
0.000000e+00,-1.808354e-07,-9.059383e-08,3.015801e-07,0.000000e+00,0.000000e+00,0.000000e+00,0.000000e+00,0.000000e+00,0.000000e+00,0.000000e+00,329,431
0.000000e+00,1.824893e-07,2.229678e-07,4.115276e-07,0.000000e+00,0.000000e+00,0.000000e+00,0.000000e+00,0.000000e+00,0.000000e+00,0.000000e+00,330,431
0.000000e+00,4.650029e-08,-1.515082e-07,1.863252e-07,0.000000e+00,0.000000e+00,0.000000e+00,0.000000e+00,0.000000e+00,0.000000e+00,0.000000e+00,331,431
0.000000e+00,1.682561e-07,-2.164267e-07,3.943384e-07,0.000000e+00,0.000000e+00,0.000000e+00,0.000000e+00,0.000000e+00,0.000000e+00,0.000000e+00,332,431
0.000000e+00,1.249195e-07,8.862617e-08,2.964181e-07,0.000000e+00,0.000000e+00,0.000000e+00,0.000000e+00,0.000000e+00,0.000000e+00,0.000000e+00,333,431
0.000000e+00,1.788891e-07,4.381124e-08,4.795630e-07,0.000000e+00,0.000000e+00,0.000000e+00,0.000000e+00,0.000000e+00,0.000000e+00,0.000000e+00,334,431
0.000000e+00,7.892585e-09,-2.217615e-08,1.522780e-07,0.000000e+00,0.000000e+00,0.000000e+00,0.000000e+00,0.000000e+00,0.000000e+00,0.000000e+00,335,431
0.000000e+00,-8.675015e-08,-2.809294e-10,3.929425e-07,0.000000e+00,0.000000e+00,0.000000e+00,0.000000e+00,0.000000e+00,0.000000e+00,0.000000e+00,336,431
0.000000e+00,-8.501486e-08,1.322014e-07,3.499438e-07,0.000000e+00,0.000000e+00,0.000000e+00,0.000000e+00,0.000000e+00,0.000000e+00,0.000000e+00,337,431
0.000000e+00,-1.569400e-07,-1.847975e-09,3.822110e-07,0.000000e+00,0.000000e+00,0.000000e+00,0.000000e+00,0.000000e+00,0.000000e+00,0.000000e+00,338,431
0.000000e+00,-8.446978e-08,-2.908453e-08,4.637234e-07,0.000000e+00,0.000000e+00,0.000000e+00,0.000000e+00,0.000000e+00,0.000000e+00,0.000000e+00,339,431
0.000000e+00,4.378206e-08,8.424072e-09,4.604365e-07,0.000000e+00,0.000000e+00,0.000000e+00,0.000000e+00,0.000000e+00,0.000000e+00,0.000000e+00,340,431
0.000000e+00,2.388583e-07,9.528579e-08,4.188367e-07,0.000000e+00,0.000000e+00,0.000000e+00,0.000000e+00,0.000000e+00,0.000000e+00,0.000000e+00,341,431
0.000000e+00,3.531592e-08,-2.688980e-07,2.816177e-07,0.000000e+00,0.000000e+00,0.000000e+00,0.000000e+00,0.000000e+00,0.000000e+00,0.000000e+00,342,431
0.000000e+00,-2.067014e-07,-1.771797e-07,4.469637e-07,0.000000e+00,0.000000e+00,0.000000e+00,0.000000e+00,0.000000e+00,0.000000e+00,0.000000e+00,343,431
0.000000e+00,-1.877394e-07,-3.311145e-08,4.328649e-07,0.000000e+00,0.000000e+00,0.000000e+00,0.000000e+00,0.000000e+00,0.000000e+00,0.000000e+00,344,431
0.000000e+00,-1.299171e-07,3.049320e-08,4.064878e-07,0.000000e+00,0.000000e+00,0.000000e+00,0.000000e+00,0.000000e+00,0.000000e+00,0.000000e+00,345,431
0.000000e+00,1.052963e-07,2.306995e-07,3.403287e-07,0.000000e+00,0.000000e+00,0.000000e+00,0.000000e+00,0.000000e+00,0.000000e+00,0.000000e+00,346,431
0.000000e+00,-5.063756e-08,1.593974e-07,1.968222e-07,0.000000e+00,0.000000e+00,0.000000e+00,0.000000e+00,0.000000e+00,0.000000e+00,0.000000e+00,347,431
0.000000e+00,3.775523e-08,-2.382670e-07,3.999073e-07,0.000000e+00,0.000000e+00,0.000000e+00,0.000000e+00,0.000000e+00,0.000000e+00,0.000000e+00,348,431
0.000000e+00,1.376174e-07,7.529155e-08,1.461148e-07,0.000000e+00,0.000000e+00,0.000000e+00,0.000000e+00,0.000000e+00,0.000000e+00,0.000000e+00,349,431
0.000000e+00,-1.141779e-07,-2.030864e-07,2.447500e-07,0.000000e+00,0.000000e+00,0.000000e+00,0.000000e+00,0.000000e+00,0.000000e+00,0.000000e+00,350,431
0.000000e+00,-1.114293e-07,-2.406569e-07,3.999006e-07,0.000000e+00,0.000000e+00,0.000000e+00,0.000000e+00,0.000000e+00,0.000000e+00,0.000000e+00,351,431
0.000000e+00,-4.337085e-08,-1.026545e-07,4.289583e-07,0.000000e+00,0.000000e+00,0.000000e+00,0.000000e+00,0.000000e+00,0.000000e+00,0.000000e+00,352,431
0.000000e+00,2.134385e-07,6.669511e-08,5.784592e-07,0.000000e+00,0.000000e+00,0.000000e+00,0.000000e+00,0.000000e+00,0.000000e+00,0.000000e+00,353,431
0.000000e+00,1.297602e-07,-5.641036e-08,4.639443e-07,0.000000e+00,0.000000e+00,0.000000e+00,0.000000e+00,0.000000e+00,0.000000e+00,0.000000e+00,354,431
0.000000e+00,-1.231861e-07,2.021217e-07,4.797740e-07,0.000000e+00,0.000000e+00,0.000000e+00,0.000000e+00,0.000000e+00,0.000000e+00,0.000000e+00,355,431
0.000000e+00,1.330639e-07,1.471461e-07,5.053884e-07,0.000000e+00,0.000000e+00,0.000000e+00,0.000000e+00,0.000000e+00,0.000000e+00,0.000000e+00,356,431
0.000000e+00,1.548840e-07,2.037667e-08,6.421612e-07,0.000000e+00,0.000000e+00,0.000000e+00,0.000000e+00,0.000000e+00,0.000000e+00,0.000000e+00,357,431
0.000000e+00,-2.034338e-07,2.899428e-08,3.742425e-07,0.000000e+00,0.000000e+00,0.000000e+00,0.000000e+00,0.000000e+00,0.000000e+00,0.000000e+00,358,431
0.000000e+00,-4.028416e-08,-1.103565e-07,2.427764e-07,0.000000e+00,0.000000e+00,0.000000e+00,0.000000e+00,0.000000e+00,0.000000e+00,0.000000e+00,359,431
0.000000e+00,-7.112653e-08,-1.698252e-07,3.746316e-07,0.000000e+00,0.000000e+00,0.000000e+00,0.000000e+00,0.000000e+00,0.000000e+00,0.000000e+00,360,431
0.000000e+00,-2.003345e-07,4.007055e-08,4.968014e-07,0.000000e+00,0.000000e+00,0.000000e+00,0.000000e+00,0.000000e+00,0.000000e+00,0.000000e+00,361,431
0.000000e+00,-1.756095e-07,1.197436e-07,4.610752e-07,0.000000e+00,0.000000e+00,0.000000e+00,0.000000e+00,0.000000e+00,0.000000e+00,0.000000e+00,362,431
0.000000e+00,-1.755217e-07,-1.673314e-07,3.807101e-07,0.000000e+00,0.000000e+00,0.000000e+00,0.000000e+00,0.000000e+00,0.000000e+00,0.000000e+00,363,431
0.000000e+00,1.673279e-07,-4.851605e-08,2.052855e-07,0.000000e+00,0.000000e+00,0.000000e+00,0.000000e+00,0.000000e+00,0.000000e+00,0.000000e+00,364,431
0.000000e+00,9.113051e-08,-7.421481e-08,3.299253e-07,0.000000e+00,0.000000e+00,0.000000e+00,0.000000e+00,0.000000e+00,0.000000e+00,0.000000e+00,365,431
0.000000e+00,-4.945043e-08,2.270242e-07,4.797391e-07,0.000000e+00,0.000000e+00,0.000000e+00,0.000000e+00,0.000000e+00,0.000000e+00,0.000000e+00,366,431
0.000000e+00,-6.850087e-08,-1.192957e-07,6.200978e-07,0.000000e+00,0.000000e+00,0.000000e+00,0.000000e+00,0.000000e+00,0.000000e+00,0.000000e+00,367,431
0.000000e+00,-8.905692e-08,7.554144e-08,3.439497e-07,0.000000e+00,0.000000e+00,0.000000e+00,0.000000e+00,0.000000e+00,0.000000e+00,0.000000e+00,368,431
0.000000e+00,2.808252e-07,1.943277e-08,4.040568e-07,0.000000e+00,0.000000e+00,0.000000e+00,0.000000e+00,0.000000e+00,0.000000e+00,0.000000e+00,369,431
0.000000e+00,-9.018250e-08,4.330252e-08,1.608504e-07,0.000000e+00,0.000000e+00,0.000000e+00,0.000000e+00,0.000000e+00,0.000000e+00,0.000000e+00,370,431
0.000000e+00,2.475945e-07,7.333675e-08,3.379843e-07,0.000000e+00,0.000000e+00,0.000000e+00,0.000000e+00,0.000000e+00,0.000000e+00,0.000000e+00,371,431
0.000000e+00,-2.244871e-07,-3.585012e-08,3.813064e-07,0.000000e+00,0.000000e+00,0.000000e+00,0.000000e+00,0.000000e+00,0.000000e+00,0.000000e+00,372,431
0.000000e+00,2.676142e-07,-7.665883e-08,3.810022e-07,0.000000e+00,0.000000e+00,0.000000e+00,0.000000e+00,0.000000e+00,0.000000e+00,0.000000e+00,373,431
0.000000e+00,-7.079909e-08,-1.123891e-07,4.435213e-07,0.000000e+00,0.000000e+00,0.000000e+00,0.000000e+00,0.000000e+00,0.000000e+00,0.000000e+00,374,431
0.000000e+00,-2.010445e-07,1.338335e-07,5.141420e-07,0.000000e+00,0.000000e+00,0.000000e+00,0.000000e+00,0.000000e+00,0.000000e+00,0.000000e+00,375,431
0.000000e+00,-1.643205e-07,-8.501548e-08,4.273437e-07,0.000000e+00,0.000000e+00,0.000000e+00,0.000000e+00,0.000000e+00,0.000000e+00,0.000000e+00,376,431
0.000000e+00,-1.290484e-07,1.961613e-08,6.208411e-07,0.000000e+00,0.000000e+00,0.000000e+00,0.000000e+00,0.000000e+00,0.000000e+00,0.000000e+00,377,431
0.000000e+00,-5.097405e-08,-1.098781e-08,1.885359e-07,0.000000e+00,0.000000e+00,0.000000e+00,0.000000e+00,0.000000e+00,0.000000e+00,0.000000e+00,378,431
0.000000e+00,-2.749830e-08,1.040835e-07,5.809833e-07,0.000000e+00,0.000000e+00,0.000000e+00,0.000000e+00,0.000000e+00,0.000000e+00,0.000000e+00,379,431
0.000000e+00,-4.805735e-08,2.681747e-07,3.300943e-07,0.000000e+00,0.000000e+00,0.000000e+00,0.000000e+00,0.000000e+00,0.000000e+00,0.000000e+00,380,431
0.000000e+00,8.694906e-08,1.061867e-07,2.649578e-07,0.000000e+00,0.000000e+00,0.000000e+00,0.000000e+00,0.000000e+00,0.000000e+00,0.000000e+00,381,431
0.000000e+00,4.425013e-09,-6.562508e-09,6.005288e-07,0.000000e+00,0.000000e+00,0.000000e+00,0.000000e+00,0.000000e+00,0.000000e+00,0.000000e+00,382,431
0.000000e+00,-1.817362e-09,-1.251957e-07,4.731819e-07,0.000000e+00,0.000000e+00,0.000000e+00,0.000000e+00,0.000000e+00,0.000000e+00,0.000000e+00,383,431
0.000000e+00,-9.151388e-08,1.283878e-07,4.325652e-07,0.000000e+00,0.000000e+00,0.000000e+00,0.000000e+00,0.000000e+00,0.000000e+00,0.000000e+00,384,431
0.000000e+00,-1.411689e-07,-2.339187e-07,2.877044e-07,0.000000e+00,0.000000e+00,0.000000e+00,0.000000e+00,0.000000e+00,0.000000e+00,0.000000e+00,385,431
0.000000e+00,-2.095406e-07,7.801102e-08,2.662199e-07,0.000000e+00,0.000000e+00,0.000000e+00,0.000000e+00,0.000000e+00,0.000000e+00,0.000000e+00,386,431
0.000000e+00,6.492771e-08,-1.713103e-07,4.814114e-07,0.000000e+00,0.000000e+00,0.000000e+00,0.000000e+00,0.000000e+00,0.000000e+00,0.000000e+00,387,431
0.000000e+00,1.714579e-07,-1.641307e-07,5.237602e-07,0.000000e+00,0.000000e+00,0.000000e+00,0.000000e+00,0.000000e+00,0.000000e+00,0.000000e+00,388,431
0.000000e+00,8.224372e-08,-1.411179e-07,2.361509e-07,0.000000e+00,0.000000e+00,0.000000e+00,0.000000e+00,0.000000e+00,0.000000e+00,0.000000e+00,389,431
0.000000e+00,1.674412e-07,9.503218e-08,5.447401e-07,0.000000e+00,0.000000e+00,0.000000e+00,0.000000e+00,0.000000e+00,0.000000e+00,0.000000e+00,390,431
0.000000e+00,-1.389834e-07,-1.045572e-07,4.595359e-07,0.000000e+00,0.000000e+00,0.000000e+00,0.000000e+00,0.000000e+00,0.000000e+00,0.000000e+00,391,431
0.000000e+00,-1.778380e-07,-7.064113e-08,4.065931e-07,0.000000e+00,0.000000e+00,0.000000e+00,0.000000e+00,0.000000e+00,0.000000e+00,0.000000e+00,392,431
0.000000e+00,8.496810e-09,-1.884910e-07,4.117537e-07,0.000000e+00,0.000000e+00,0.000000e+00,0.000000e+00,0.000000e+00,0.000000e+00,0.000000e+00,393,431
0.000000e+00,-3.636627e-08,-2.291202e-07,3.409366e-07,0.000000e+00,0.000000e+00,0.000000e+00,0.000000e+00,0.000000e+00,0.000000e+00,0.000000e+00,394,431
0.000000e+00,4.217795e-08,4.310905e-08,1.185640e-07,0.000000e+00,0.000000e+00,0.000000e+00,0.000000e+00,0.000000e+00,0.000000e+00,0.000000e+00,395,431
0.000000e+00,2.365250e-07,-8.952966e-08,3.262499e-07,0.000000e+00,0.000000e+00,0.000000e+00,0.000000e+00,0.000000e+00,0.000000e+00,0.000000e+00,396,431
0.000000e+00,8.954006e-08,3.200092e-08,1.334191e-07,0.000000e+00,0.000000e+00,0.000000e+00,0.000000e+00,0.000000e+00,0.000000e+00,0.000000e+00,397,431
0.000000e+00,-1.050546e-07,-1.537429e-07,3.955247e-07,0.000000e+00,0.000000e+00,0.000000e+00,0.000000e+00,0.000000e+00,0.000000e+00,0.000000e+00,398,431
0.000000e+00,9.074753e-08,-2.290550e-07,2.757797e-07,0.000000e+00,0.000000e+00,0.000000e+00,0.000000e+00,0.000000e+00,0.000000e+00,0.000000e+00,399,431
0.000000e+00,7.708390e-08,-1.489450e-07,5.050931e-07,0.000000e+00,0.000000e+00,0.000000e+00,0.000000e+00,0.000000e+00,0.000000e+00,0.000000e+00,400,431
0.000000e+00,1.690944e-07,1.024981e-07,6.046911e-07,0.000000e+00,0.000000e+00,0.000000e+00,0.000000e+00,0.000000e+00,0.000000e+00,0.000000e+00,401,431
0.000000e+00,9.697553e-08,-8.957793e-08,5.107552e-07,0.000000e+00,0.000000e+00,0.000000e+00,0.000000e+00,0.000000e+00,0.000000e+00,0.000000e+00,402,431
0.000000e+00,-2.043793e-07,-1.569165e-08,3.458210e-07,0.000000e+00,0.000000e+00,0.000000e+00,0.000000e+00,0.000000e+00,0.000000e+00,0.000000e+00,403,431
0.000000e+00,2.124762e-07,-1.707793e-07,4.894578e-07,0.000000e+00,0.000000e+00,0.000000e+00,0.000000e+00,0.000000e+00,0.000000e+00,0.000000e+00,404,431
0.000000e+00,-1.920101e-07,-1.713975e-07,4.294641e-07,0.000000e+00,0.000000e+00,0.000000e+00,0.000000e+00,0.000000e+00,0.000000e+00,0.000000e+00,405,431
0.000000e+00,4.840749e-09,2.432606e-07,4.150145e-07,0.000000e+00,0.000000e+00,0.000000e+00,0.000000e+00,0.000000e+00,0.000000e+00,0.000000e+00,406,431
0.000000e+00,1.135030e-08,-1.687923e-07,2.521401e-07,0.000000e+00,0.000000e+00,0.000000e+00,0.000000e+00,0.000000e+00,0.000000e+00,0.000000e+00,407,431
0.000000e+00,1.534165e-07,8.344719e-08,2.966923e-07,0.000000e+00,0.000000e+00,0.000000e+00,0.000000e+00,0.000000e+00,0.000000e+00,0.000000e+00,408,431
0.000000e+00,-4.190778e-09,-8.731894e-08,3.541679e-07,0.000000e+00,0.000000e+00,0.000000e+00,0.000000e+00,0.000000e+00,0.000000e+00,0.000000e+00,409,431
0.000000e+00,-1.184991e-07,9.967793e-08,3.358526e-07,0.000000e+00,0.000000e+00,0.000000e+00,0.000000e+00,0.000000e+00,0.000000e+00,0.000000e+00,410,431
0.000000e+00,2.014355e-07,5.251586e-08,5.446394e-07,0.000000e+00,0.000000e+00,0.000000e+00,0.000000e+00,0.000000e+00,0.000000e+00,0.000000e+00,411,431
0.000000e+00,1.287405e-07,-5.091576e-08,5.607714e-07,0.000000e+00,0.000000e+00,0.000000e+00,0.000000e+00,0.000000e+00,0.000000e+00,0.000000e+00,412,431
0.000000e+00,9.311107e-08,1.548576e-07,3.031448e-07,0.000000e+00,0.000000e+00,0.000000e+00,0.000000e+00,0.000000e+00,0.000000e+00,0.000000e+00,413,431
0.000000e+00,7.274826e-08,-9.637969e-08,3.781288e-07,0.000000e+00,0.000000e+00,0.000000e+00,0.000000e+00,0.000000e+00,0.000000e+00,0.000000e+00,414,431
0.000000e+00,-1.834628e-07,6.332911e-08,3.304830e-07,0.000000e+00,0.000000e+00,0.000000e+00,0.000000e+00,0.000000e+00,0.000000e+00,0.000000e+00,415,431
0.000000e+00,1.281112e-07,-3.623200e-08,5.901263e-07,0.000000e+00,0.000000e+00,0.000000e+00,0.000000e+00,0.000000e+00,0.000000e+00,0.000000e+00,416,431
0.000000e+00,2.291439e-07,-1.603097e-07,3.014132e-07,0.000000e+00,0.000000e+00,0.000000e+00,0.000000e+00,0.000000e+00,0.000000e+00,0.000000e+00,417,431
0.000000e+00,2.142539e-07,2.056345e-08,3.026012e-07,0.000000e+00,0.000000e+00,0.000000e+00,0.000000e+00,0.000000e+00,0.000000e+00,0.000000e+00,418,431
0.000000e+00,-7.275749e-08,1.017338e-07,3.419536e-07,0.000000e+00,0.000000e+00,0.000000e+00,0.000000e+00,0.000000e+00,0.000000e+00,0.000000e+00,419,431
0.000000e+00,5.298675e-08,1.209142e-07,1.543224e-07,0.000000e+00,0.000000e+00,0.000000e+00,0.000000e+00,0.000000e+00,0.000000e+00,0.000000e+00,420,431
0.000000e+00,1.976492e-07,2.113861e-07,4.180251e-07,0.000000e+00,0.000000e+00,0.000000e+00,0.000000e+00,0.000000e+00,0.000000e+00,0.000000e+00,421,431
0.000000e+00,1.052691e-07,2.728245e-07,3.717255e-07,0.000000e+00,0.000000e+00,0.000000e+00,0.000000e+00,0.000000e+00,0.000000e+00,0.000000e+00,422,431
0.000000e+00,2.626738e-07,-7.666825e-09,3.273752e-07,0.000000e+00,0.000000e+00,0.000000e+00,0.000000e+00,0.000000e+00,0.000000e+00,0.000000e+00,423,431
0.000000e+00,-8.248219e-08,-1.478564e-07,1.649252e-07,0.000000e+00,0.000000e+00,0.000000e+00,0.000000e+00,0.000000e+00,0.000000e+00,0.000000e+00,424,431
0.000000e+00,-2.458601e-07,-8.044741e-08,4.941278e-07,0.000000e+00,0.000000e+00,0.000000e+00,0.000000e+00,0.000000e+00,0.000000e+00,0.000000e+00,425,431
0.000000e+00,-7.184299e-08,1.065806e-07,5.468931e-07,0.000000e+00,0.000000e+00,0.000000e+00,0.000000e+00,0.000000e+00,0.000000e+00,0.000000e+00,426,431
0.000000e+00,-7.705005e-08,-1.341528e-07,4.396574e-07,0.000000e+00,0.000000e+00,0.000000e+00,0.000000e+00,0.000000e+00,0.000000e+00,0.000000e+00,427,431
0.000000e+00,9.091319e-08,2.156484e-07,2.749024e-07,0.000000e+00,0.000000e+00,0.000000e+00,0.000000e+00,0.000000e+00,0.000000e+00,0.000000e+00,428,431
0.000000e+00,4.920401e-08,5.340354e-08,4.426513e-07,0.000000e+00,0.000000e+00,0.000000e+00,0.000000e+00,0.000000e+00,0.000000e+00,0.000000e+00,429,431
0.000000e+00,-2.101535e-07,-1.193698e-07,4.725068e-07,0.000000e+00,0.000000e+00,0.000000e+00,0.000000e+00,0.000000e+00,0.000000e+00,0.000000e+00,430,431
0.000000e+00,-9.137864e-08,-5.464455e-09,2.834170e-07,0.000000e+00,0.000000e+00,0.000000e+00,0.000000e+00,0.000000e+00,0.000000e+00,0.000000e+00,431,431
0.000000e+00,2.556214e-07,4.695337e-08,4.830267e-07,0.000000e+00,0.000000e+00,0.000000e+00,0.000000e+00,0.000000e+00,0.000000e+00,0.000000e+00,432,431
0.000000e+00,6.921367e-08,-2.353867e-07,2.509289e-07,0.000000e+00,0.000000e+00,0.000000e+00,0.000000e+00,0.000000e+00,0.000000e+00,0.000000e+00,433,431
0.000000e+00,1.094693e-07,2.741967e-07,4.028646e-07,0.000000e+00,0.000000e+00,0.000000e+00,0.000000e+00,0.000000e+00,0.000000e+00,0.000000e+00,434,431
0.000000e+00,-7.674065e-08,1.384962e-07,1.782081e-07,0.000000e+00,0.000000e+00,0.000000e+00,0.000000e+00,0.000000e+00,0.000000e+00,0.000000e+00,435,431
0.000000e+00,-4.411362e-08,2.005818e-07,2.932165e-07,0.000000e+00,0.000000e+00,0.000000e+00,0.000000e+00,0.000000e+00,0.000000e+00,0.000000e+00,436,431
0.000000e+00,4.601327e-08,1.756335e-07,6.270812e-07,0.000000e+00,0.000000e+00,0.000000e+00,0.000000e+00,0.000000e+00,0.000000e+00,0.000000e+00,437,431
0.000000e+00,8.914870e-08,-6.842866e-08,1.313856e-07,0.000000e+00,0.000000e+00,0.000000e+00,0.000000e+00,0.000000e+00,0.000000e+00,0.000000e+00,438,431
0.000000e+00,-4.169445e-08,-2.824541e-07,3.938518e-07,0.000000e+00,0.000000e+00,0.000000e+00,0.000000e+00,0.000000e+00,0.000000e+00,0.000000e+00,439,431
0.000000e+00,-1.433044e-08,4.674982e-08,3.630400e-07,0.000000e+00,0.000000e+00,0.000000e+00,0.000000e+00,0.000000e+00,0.000000e+00,0.000000e+00,440,431
0.000000e+00,6.469455e-08,1.023205e-07,1.881695e-07,0.000000e+00,0.000000e+00,0.000000e+00,0.000000e+00,0.000000e+00,0.000000e+00,0.000000e+00,441,431
0.000000e+00,-1.171935e-07,-1.993032e-07,2.549110e-07,0.000000e+00,0.000000e+00,0.000000e+00,0.000000e+00,0.000000e+00,0.000000e+00,0.000000e+00,442,431
0.000000e+00,1.517616e-07,1.139603e-07,3.658521e-07,0.000000e+00,0.000000e+00,0.000000e+00,0.000000e+00,0.000000e+00,0.000000e+00,0.000000e+00,443,431
0.000000e+00,1.323771e-07,1.791207e-07,4.669807e-07,0.000000e+00,0.000000e+00,0.000000e+00,0.000000e+00,0.000000e+00,0.000000e+00,0.000000e+00,444,431
0.000000e+00,-4.257623e-08,7.737254e-08,3.742180e-07,0.000000e+00,0.000000e+00,0.000000e+00,0.000000e+00,0.000000e+00,0.000000e+00,0.000000e+00,445,431
0.000000e+00,-2.124460e-07,3.536174e-08,3.254448e-07,0.000000e+00,0.000000e+00,0.000000e+00,0.000000e+00,0.000000e+00,0.000000e+00,0.000000e+00,446,431
0.000000e+00,-1.516641e-07,2.222010e-07,3.676402e-07,0.000000e+00,0.000000e+00,0.000000e+00,0.000000e+00,0.000000e+00,0.000000e+00,0.000000e+00,447,431
0.000000e+00,3.534373e-08,-7.658609e-08,5.381963e-07,0.000000e+00,0.000000e+00,0.000000e+00,0.000000e+00,0.000000e+00,0.000000e+00,0.000000e+00,448,431
0.000000e+00,-6.913799e-08,1.120892e-07,3.988007e-07,0.000000e+00,0.000000e+00,0.000000e+00,0.000000e+00,0.000000e+00,0.000000e+00,0.000000e+00,449,431
0.000000e+00,1.668989e-07,3.153996e-08,3.447482e-07,0.000000e+00,0.000000e+00,0.000000e+00,0.000000e+00,0.000000e+00,0.000000e+00,0.000000e+00,450,431
0.000000e+00,8.155794e-08,-2.459664e-08,2.300647e-07,0.000000e+00,0.000000e+00,0.000000e+00,0.000000e+00,0.000000e+00,0.000000e+00,0.000000e+00,451,431
0.000000e+00,-1.804629e-07,9.091631e-08,3.366149e-07,0.000000e+00,0.000000e+00,0.000000e+00,0.000000e+00,0.000000e+00,0.000000e+00,0.000000e+00,452,431
0.000000e+00,-7.818848e-08,-4.985859e-08,3.243084e-07,0.000000e+00,0.000000e+00,0.000000e+00,0.000000e+00,0.000000e+00,0.000000e+00,0.000000e+00,453,431
0.000000e+00,-1.489664e-07,-1.061226e-07,2.573728e-07,0.000000e+00,0.000000e+00,0.000000e+00,0.000000e+00,0.000000e+00,0.000000e+00,0.000000e+00,454,431
0.000000e+00,9.101606e-08,2.141110e-07,3.207287e-07,0.000000e+00,0.000000e+00,0.000000e+00,0.000000e+00,0.000000e+00,0.000000e+00,0.000000e+00,455,431
0.000000e+00,4.570914e-08,-6.588042e-08,3.156168e-07,0.000000e+00,0.000000e+00,0.000000e+00,0.000000e+00,0.000000e+00,0.000000e+00,0.000000e+00,456,431
0.000000e+00,-1.516320e-08,-4.294185e-09,5.615359e-07,0.000000e+00,0.000000e+00,0.000000e+00,0.000000e+00,0.000000e+00,0.000000e+00,0.000000e+00,457,431
0.000000e+00,-1.322734e-07,4.494388e-08,4.900304e-07,0.000000e+00,0.000000e+00,0.000000e+00,0.000000e+00,0.000000e+00,0.000000e+00,0.000000e+00,458,431
0.000000e+00,-1.775888e-07,1.861557e-07,3.619636e-07,0.000000e+00,0.000000e+00,0.000000e+00,0.000000e+00,0.000000e+00,0.000000e+00,0.000000e+00,459,431
0.000000e+00,2.540455e-07,5.211724e-08,4.538650e-07,0.000000e+00,0.000000e+00,0.000000e+00,0.000000e+00,0.000000e+00,0.000000e+00,0.000000e+00,460,431
0.000000e+00,-1.824385e-07,-5.827876e-09,6.125127e-07,0.000000e+00,0.000000e+00,0.000000e+00,0.000000e+00,0.000000e+00,0.000000e+00,0.000000e+00,461,431
0.000000e+00,1.911811e-08,1.106616e-07,5.513067e-07,0.000000e+00,0.000000e+00,0.000000e+00,0.000000e+00,0.000000e+00,0.000000e+00,0.000000e+00,462,431
0.000000e+00,-8.979166e-08,-1.274395e-07,4.418631e-07,0.000000e+00,0.000000e+00,0.000000e+00,0.000000e+00,0.000000e+00,0.000000e+00,0.000000e+00,463,431
0.000000e+00,-5.682898e-08,4.187335e-09,6.571326e-07,0.000000e+00,0.000000e+00,0.000000e+00,0.000000e+00,0.000000e+00,0.000000e+00,0.000000e+00,464,431
0.000000e+00,2.662385e-07,-6.672160e-08,5.026406e-07,0.000000e+00,0.000000e+00,0.000000e+00,0.000000e+00,0.000000e+00,0.000000e+00,0.000000e+00,465,431
0.000000e+00,-1.956290e-07,1.646274e-07,4.214154e-07,0.000000e+00,0.000000e+00,0.000000e+00,0.000000e+00,0.000000e+00,0.000000e+00,0.000000e+00,466,431
0.000000e+00,-7.655956e-09,-4.561577e-09,4.544439e-07,0.000000e+00,0.000000e+00,0.000000e+00,0.000000e+00,0.000000e+00,0.000000e+00,0.000000e+00,467,431
0.000000e+00,-1.823734e-07,-1.009608e-07,5.405228e-07,0.000000e+00,0.000000e+00,0.000000e+00,0.000000e+00,0.000000e+00,0.000000e+00,0.000000e+00,468,431
0.000000e+00,1.785534e-07,3.795649e-08,3.042797e-07,0.000000e+00,0.000000e+00,0.000000e+00,0.000000e+00,0.000000e+00,0.000000e+00,0.000000e+00,469,431
0.000000e+00,-1.386145e-07,-3.843935e-09,2.653157e-07,0.000000e+00,0.000000e+00,0.000000e+00,0.000000e+00,0.000000e+00,0.000000e+00,0.000000e+00,470,431
0.000000e+00,1.104663e-07,1.090135e-07,3.695887e-07,0.000000e+00,0.000000e+00,0.000000e+00,0.000000e+00,0.000000e+00,0.000000e+00,0.000000e+00,471,431
0.000000e+00,-1.071261e-07,6.129488e-08,5.411027e-07,0.000000e+00,0.000000e+00,0.000000e+00,0.000000e+00,0.000000e+00,0.000000e+00,0.000000e+00,472,431
0.000000e+00,-4.635835e-08,-7.402332e-08,5.931575e-07,0.000000e+00,0.000000e+00,0.000000e+00,0.000000e+00,0.000000e+00,0.000000e+00,0.000000e+00,473,431
0.000000e+00,1.350267e-07,4.742433e-08,4.663609e-07,0.000000e+00,0.000000e+00,0.000000e+00,0.000000e+00,0.000000e+00,0.000000e+00,0.000000e+00,474,431
0.000000e+00,-2.292040e-07,-1.420907e-08,2.162272e-07,0.000000e+00,0.000000e+00,0.000000e+00,0.000000e+00,0.000000e+00,0.000000e+00,0.000000e+00,475,431
0.000000e+00,5.899145e-08,-1.182253e-08,4.455824e-07,0.000000e+00,0.000000e+00,0.000000e+00,0.000000e+00,0.000000e+00,0.000000e+00,0.000000e+00,476,431
0.000000e+00,-6.081718e-08,-1.639051e-07,5.549302e-07,0.000000e+00,0.000000e+00,0.000000e+00,0.000000e+00,0.000000e+00,0.000000e+00,0.000000e+00,477,431
0.000000e+00,-2.524236e-07,2.708420e-09,2.577560e-07,0.000000e+00,0.000000e+00,0.000000e+00,0.000000e+00,0.000000e+00,0.000000e+00,0.000000e+00,478,431
0.000000e+00,-2.982139e-08,1.429359e-07,5.943623e-07,0.000000e+00,0.000000e+00,0.000000e+00,0.000000e+00,0.000000e+00,0.000000e+00,0.000000e+00,479,431
0.000000e+00,-1.189716e-07,7.981399e-09,3.036646e-07,0.000000e+00,0.000000e+00,0.000000e+00,0.000000e+00,0.000000e+00,0.000000e+00,0.000000e+00,480,431
0.000000e+00,-7.688557e-08,2.121704e-08,3.248042e-07,0.000000e+00,0.000000e+00,0.000000e+00,0.000000e+00,0.000000e+00,0.000000e+00,0.000000e+00,481,431
0.000000e+00,-1.403917e-07,-4.778177e-08,3.567538e-07,0.000000e+00,0.000000e+00,0.000000e+00,0.000000e+00,0.000000e+00,0.000000e+00,0.000000e+00,482,431
0.000000e+00,2.015193e-07,7.087247e-08,2.528429e-07,0.000000e+00,0.000000e+00,0.000000e+00,0.000000e+00,0.000000e+00,0.000000e+00,0.000000e+00,483,431
0.000000e+00,-7.677268e-08,-1.291722e-07,2.587568e-07,0.000000e+00,0.000000e+00,0.000000e+00,0.000000e+00,0.000000e+00,0.000000e+00,0.000000e+00,484,431
0.000000e+00,7.837643e-08,1.602750e-07,2.492092e-07,0.000000e+00,0.000000e+00,0.000000e+00,0.000000e+00,0.000000e+00,0.000000e+00,0.000000e+00,485,431
0.000000e+00,2.677235e-07,5.043353e-08,3.490421e-07,0.000000e+00,0.000000e+00,0.000000e+00,0.000000e+00,0.000000e+00,0.000000e+00,0.000000e+00,486,431
0.000000e+00,2.020782e-08,-2.189246e-07,5.505841e-07,0.000000e+00,0.000000e+00,0.000000e+00,0.000000e+00,0.000000e+00,0.000000e+00,0.000000e+00,487,431
0.000000e+00,4.460498e-08,-1.877173e-07,4.858748e-07,0.000000e+00,0.000000e+00,0.000000e+00,0.000000e+00,0.000000e+00,0.000000e+00,0.000000e+00,488,431
0.000000e+00,-2.180045e-07,4.811597e-08,3.583315e-07,0.000000e+00,0.000000e+00,0.000000e+00,0.000000e+00,0.000000e+00,0.000000e+00,0.000000e+00,489,431
0.000000e+00,2.391178e-07,1.595769e-07,3.380711e-07,0.000000e+00,0.000000e+00,0.000000e+00,0.000000e+00,0.000000e+00,0.000000e+00,0.000000e+00,490,431
0.000000e+00,-5.375732e-08,2.214329e-07,3.094084e-07,0.000000e+00,0.000000e+00,0.000000e+00,0.000000e+00,0.000000e+00,0.000000e+00,0.000000e+00,491,431
0.000000e+00,-3.334523e-08,2.174363e-07,5.065750e-07,0.000000e+00,0.000000e+00,0.000000e+00,0.000000e+00,0.000000e+00,0.000000e+00,0.000000e+00,492,431
0.000000e+00,-7.877353e-08,-2.344590e-07,3.918498e-07,0.000000e+00,0.000000e+00,0.000000e+00,0.000000e+00,0.000000e+00,0.000000e+00,0.000000e+00,493,431
0.000000e+00,-9.126229e-08,-2.523470e-07,2.824572e-07,0.000000e+00,0.000000e+00,0.000000e+00,0.000000e+00,0.000000e+00,0.000000e+00,0.000000e+00,494,431
0.000000e+00,3.388224e-08,-4.757370e-08,3.791169e-07,0.000000e+00,0.000000e+00,0.000000e+00,0.000000e+00,0.000000e+00,0.000000e+00,0.000000e+00,495,431
0.000000e+00,-5.238186e-08,3.505111e-08,3.202688e-07,0.000000e+00,0.000000e+00,0.000000e+00,0.000000e+00,0.000000e+00,0.000000e+00,0.000000e+00,496,431
0.000000e+00,-9.777719e-08,-9.399381e-08,5.437076e-07,0.000000e+00,0.000000e+00,0.000000e+00,0.000000e+00,0.000000e+00,0.000000e+00,0.000000e+00,497,431
0.000000e+00,-9.972476e-09,-2.050850e-07,4.891024e-07,0.000000e+00,0.000000e+00,0.000000e+00,0.000000e+00,0.000000e+00,0.000000e+00,0.000000e+00,498,431
0.000000e+00,-1.889211e-09,-5.722534e-08,1.491506e-07,0.000000e+00,0.000000e+00,0.000000e+00,0.000000e+00,0.000000e+00,0.000000e+00,0.000000e+00,499,431
