0.000000e+00,-2.220261e-07,-1.490733e-07,2.900870e-07,0.000000e+00,0.000000e+00,0.000000e+00,0.000000e+00,0.000000e+00,0.000000e+00,0.000000e+00,0,361
0.000000e+00,5.383124e-08,-1.988574e-07,4.248997e-07,0.000000e+00,0.000000e+00,0.000000e+00,0.000000e+00,0.000000e+00,0.000000e+00,0.000000e+00,1,361
0.000000e+00,-1.160784e-07,-2.443750e-07,3.194543e-07,0.000000e+00,0.000000e+00,0.000000e+00,0.000000e+00,0.000000e+00,0.000000e+00,0.000000e+00,2,361
0.000000e+00,-2.885661e-09,8.036811e-08,1.143227e-07,0.000000e+00,0.000000e+00,0.000000e+00,0.000000e+00,0.000000e+00,0.000000e+00,0.000000e+00,3,361
0.000000e+00,2.627999e-08,2.195024e-07,3.631804e-07,0.000000e+00,0.000000e+00,0.000000e+00,0.000000e+00,0.000000e+00,0.000000e+00,0.000000e+00,4,361
0.000000e+00,-4.210882e-08,-2.922919e-08,2.030425e-07,0.000000e+00,0.000000e+00,0.000000e+00,0.000000e+00,0.000000e+00,0.000000e+00,0.000000e+00,5,361
0.000000e+00,-9.067498e-08,-1.015466e-07,4.690797e-07,0.000000e+00,0.000000e+00,0.000000e+00,0.000000e+00,0.000000e+00,0.000000e+00,0.000000e+00,6,361
0.000000e+00,-1.807652e-07,-3.308368e-08,3.475643e-07,0.000000e+00,0.000000e+00,0.000000e+00,0.000000e+00,0.000000e+00,0.000000e+00,0.000000e+00,7,361
0.000000e+00,-1.677215e-07,-1.857597e-07,4.192681e-07,0.000000e+00,0.000000e+00,0.000000e+00,0.000000e+00,0.000000e+00,0.000000e+00,0.000000e+00,8,361
0.000000e+00,2.302666e-07,-9.669910e-08,5.083988e-07,0.000000e+00,0.000000e+00,0.000000e+00,0.000000e+00,0.000000e+00,0.000000e+00,0.000000e+00,9,361
0.000000e+00,2.192681e-07,-5.782808e-08,2.370734e-07,0.000000e+00,0.000000e+00,0.000000e+00,0.000000e+00,0.000000e+00,0.000000e+00,0.000000e+00,10,361
0.000000e+00,3.282233e-08,-2.236093e-07,5.541850e-07,0.000000e+00,0.000000e+00,0.000000e+00,0.000000e+00,0.000000e+00,0.000000e+00,0.000000e+00,11,361
0.000000e+00,1.756238e-07,2.432311e-08,3.138887e-07,0.000000e+00,0.000000e+00,0.000000e+00,0.000000e+00,0.000000e+00,0.000000e+00,0.000000e+00,12,361
0.000000e+00,1.524430e-07,1.109239e-07,3.263024e-07,0.000000e+00,0.000000e+00,0.000000e+00,0.000000e+00,0.000000e+00,0.000000e+00,0.000000e+00,13,361
0.000000e+00,-3.198024e-08,1.202523e-07,1.943650e-07,0.000000e+00,0.000000e+00,0.000000e+00,0.000000e+00,0.000000e+00,0.000000e+00,0.000000e+00,14,361
0.000000e+00,-8.427572e-08,1.641966e-07,4.942896e-07,0.000000e+00,0.000000e+00,0.000000e+00,0.000000e+00,0.000000e+00,0.000000e+00,0.000000e+00,15,361
0.000000e+00,-5.539267e-08,3.158341e-08,3.904895e-07,0.000000e+00,0.000000e+00,0.000000e+00,0.000000e+00,0.000000e+00,0.000000e+00,0.000000e+00,16,361
0.000000e+00,-1.005232e-07,-9.006420e-08,6.530395e-07,0.000000e+00,0.000000e+00,0.000000e+00,0.000000e+00,0.000000e+00,0.000000e+00,0.000000e+00,17,361
0.000000e+00,-5.537525e-09,2.213584e-07,2.125238e-07,0.000000e+00,0.000000e+00,0.000000e+00,0.000000e+00,0.000000e+00,0.000000e+00,0.000000e+00,18,361
0.000000e+00,-1.292446e-07,1.113098e-07,5.695478e-07,0.000000e+00,0.000000e+00,0.000000e+00,0.000000e+00,0.000000e+00,0.000000e+00,0.000000e+00,19,361
0.000000e+00,9.155039e-08,-1.735012e-07,2.831227e-07,0.000000e+00,0.000000e+00,0.000000e+00,0.000000e+00,0.000000e+00,0.000000e+00,0.000000e+00,20,361
0.000000e+00,-5.881121e-08,4.437115e-08,5.011103e-07,0.000000e+00,0.000000e+00,0.000000e+00,0.000000e+00,0.000000e+00,0.000000e+00,0.000000e+00,21,361
0.000000e+00,-5.362130e-08,2.685772e-07,5.004091e-07,0.000000e+00,0.000000e+00,0.000000e+00,0.000000e+00,0.000000e+00,0.000000e+00,0.000000e+00,22,361
0.000000e+00,2.303216e-07,-1.063816e-09,4.663133e-07,0.000000e+00,0.000000e+00,0.000000e+00,0.000000e+00,0.000000e+00,0.000000e+00,0.000000e+00,23,361
0.000000e+00,6.519453e-08,7.771173e-09,4.746291e-07,0.000000e+00,0.000000e+00,0.000000e+00,0.000000e+00,0.000000e+00,0.000000e+00,0.000000e+00,24,361
0.000000e+00,-1.633874e-07,-9.121936e-08,2.636899e-07,0.000000e+00,0.000000e+00,0.000000e+00,0.000000e+00,0.000000e+00,0.000000e+00,0.000000e+00,25,361
0.000000e+00,1.722691e-07,-9.830207e-08,2.843865e-07,0.000000e+00,0.000000e+00,0.000000e+00,0.000000e+00,0.000000e+00,0.000000e+00,0.000000e+00,26,361
0.000000e+00,6.074510e-08,-1.936616e-08,3.942819e-07,0.000000e+00,0.000000e+00,0.000000e+00,0.000000e+00,0.000000e+00,0.000000e+00,0.000000e+00,27,361
0.000000e+00,9.737155e-08,8.894812e-08,6.190484e-07,0.000000e+00,0.000000e+00,0.000000e+00,0.000000e+00,0.000000e+00,0.000000e+00,0.000000e+00,28,361
0.000000e+00,-1.585172e-07,8.819707e-08,2.128526e-07,0.000000e+00,0.000000e+00,0.000000e+00,0.000000e+00,0.000000e+00,0.000000e+00,0.000000e+00,29,361
0.000000e+00,1.185916e-07,-2.462360e-07,3.653341e-07,0.000000e+00,0.000000e+00,0.000000e+00,0.000000e+00,0.000000e+00,0.000000e+00,0.000000e+00,30,361
0.000000e+00,-2.127591e-07,-1.905159e-08,5.632511e-07,0.000000e+00,0.000000e+00,0.000000e+00,0.000000e+00,0.000000e+00,0.000000e+00,0.000000e+00,31,361
0.000000e+00,1.911835e-08,-1.344478e-07,2.123107e-07,0.000000e+00,0.000000e+00,0.000000e+00,0.000000e+00,0.000000e+00,0.000000e+00,0.000000e+00,32,361
0.000000e+00,2.611310e-08,2.179585e-07,4.926511e-07,0.000000e+00,0.000000e+00,0.000000e+00,0.000000e+00,0.000000e+00,0.000000e+00,0.000000e+00,33,361
0.000000e+00,-1.317439e-07,-1.079664e-07,3.295201e-07,0.000000e+00,0.000000e+00,0.000000e+00,0.000000e+00,0.000000e+00,0.000000e+00,0.000000e+00,34,361
0.000000e+00,-4.225012e-08,-1.627416e-07,1.656374e-07,0.000000e+00,0.000000e+00,0.000000e+00,0.000000e+00,0.000000e+00,0.000000e+00,0.000000e+00,35,361
0.000000e+00,-7.142628e-08,1.483842e-07,2.933930e-07,0.000000e+00,0.000000e+00,0.000000e+00,0.000000e+00,0.000000e+00,0.000000e+00,0.000000e+00,36,361
0.000000e+00,-1.594117e-07,-3.141116e-08,1.573459e-07,0.000000e+00,0.000000e+00,0.000000e+00,0.000000e+00,0.000000e+00,0.000000e+00,0.000000e+00,37,361
0.000000e+00,7.048617e-08,7.381547e-08,3.296308e-07,0.000000e+00,0.000000e+00,0.000000e+00,0.000000e+00,0.000000e+00,0.000000e+00,0.000000e+00,38,361
0.000000e+00,4.574173e-08,1.988007e-07,2.644985e-07,0.000000e+00,0.000000e+00,0.000000e+00,0.000000e+00,0.000000e+00,0.000000e+00,0.000000e+00,39,361
0.000000e+00,1.192876e-07,-3.787524e-08,2.219100e-07,0.000000e+00,0.000000e+00,0.000000e+00,0.000000e+00,0.000000e+00,0.000000e+00,0.000000e+00,40,361
0.000000e+00,1.430171e-07,1.330457e-07,1.761564e-07,0.000000e+00,0.000000e+00,0.000000e+00,0.000000e+00,0.000000e+00,0.000000e+00,0.000000e+00,41,361
0.000000e+00,2.916563e-07,-2.755815e-08,3.849212e-07,0.000000e+00,0.000000e+00,0.000000e+00,0.000000e+00,0.000000e+00,0.000000e+00,0.000000e+00,42,361
0.000000e+00,-2.654011e-07,4.249603e-08,2.872250e-07,0.000000e+00,0.000000e+00,0.000000e+00,0.000000e+00,0.000000e+00,0.000000e+00,0.000000e+00,43,361
0.000000e+00,6.884366e-08,7.327927e-08,2.470265e-07,0.000000e+00,0.000000e+00,0.000000e+00,0.000000e+00,0.000000e+00,0.000000e+00,0.000000e+00,44,361
0.000000e+00,-3.897841e-08,-2.598863e-07,4.445488e-07,0.000000e+00,0.000000e+00,0.000000e+00,0.000000e+00,0.000000e+00,0.000000e+00,0.000000e+00,45,361
0.000000e+00,1.379998e-08,1.134183e-07,6.474918e-07,0.000000e+00,0.000000e+00,0.000000e+00,0.000000e+00,0.000000e+00,0.000000e+00,0.000000e+00,46,361
0.000000e+00,1.720139e-07,1.974998e-07,4.410185e-07,0.000000e+00,0.000000e+00,0.000000e+00,0.000000e+00,0.000000e+00,0.000000e+00,0.000000e+00,47,361
0.000000e+00,-1.765223e-08,-7.195083e-08,3.676672e-07,0.000000e+00,0.000000e+00,0.000000e+00,0.000000e+00,0.000000e+00,0.000000e+00,0.000000e+00,48,361
0.000000e+00,-6.995079e-10,-7.374264e-08,5.262080e-07,0.000000e+00,0.000000e+00,0.000000e+00,0.000000e+00,0.000000e+00,0.000000e+00,0.000000e+00,49,361
0.000000e+00,-2.442259e-07,-5.215014e-08,4.863513e-07,0.000000e+00,0.000000e+00,0.000000e+00,0.000000e+00,0.000000e+00,0.000000e+00,0.000000e+00,50,361
0.000000e+00,-2.289261e-08,1.605645e-07,5.972978e-07,0.000000e+00,0.000000e+00,0.000000e+00,0.000000e+00,0.000000e+00,0.000000e+00,0.000000e+00,51,361
0.000000e+00,1.858967e-07,-1.106225e-07,5.803660e-07,0.000000e+00,0.000000e+00,0.000000e+00,0.000000e+00,0.000000e+00,0.000000e+00,0.000000e+00,52,361
0.000000e+00,-1.281271e-07,2.059765e-07,5.546589e-07,0.000000e+00,0.000000e+00,0.000000e+00,0.000000e+00,0.000000e+00,0.000000e+00,0.000000e+00,53,361
0.000000e+00,1.310919e-07,4.338989e-08,3.931318e-07,0.000000e+00,0.000000e+00,0.000000e+00,0.000000e+00,0.000000e+00,0.000000e+00,0.000000e+00,54,361
0.000000e+00,2.668840e-07,8.880163e-08,4.793089e-07,0.000000e+00,0.000000e+00,0.000000e+00,0.000000e+00,0.000000e+00,0.000000e+00,0.000000e+00,55,361
0.000000e+00,-2.442341e-07,-9.096555e-08,3.506567e-07,0.000000e+00,0.000000e+00,0.000000e+00,0.000000e+00,0.000000e+00,0.000000e+00,0.000000e+00,56,361
0.000000e+00,-1.670671e-07,-1.783638e-07,5.560281e-07,0.000000e+00,0.000000e+00,0.000000e+00,0.000000e+00,0.000000e+00,0.000000e+00,0.000000e+00,57,361
0.000000e+00,1.419858e-07,-1.041726e-07,5.008954e-07,0.000000e+00,0.000000e+00,0.000000e+00,0.000000e+00,0.000000e+00,0.000000e+00,0.000000e+00,58,361
0.000000e+00,1.130217e-07,-3.170496e-08,5.293016e-07,0.000000e+00,0.000000e+00,0.000000e+00,0.000000e+00,0.000000e+00,0.000000e+00,0.000000e+00,59,361
0.000000e+00,8.429016e-08,-1.021173e-07,3.682010e-07,0.000000e+00,0.000000e+00,0.000000e+00,0.000000e+00,0.000000e+00,0.000000e+00,0.000000e+00,60,361
0.000000e+00,-2.162241e-07,1.759208e-07,3.281328e-07,0.000000e+00,0.000000e+00,0.000000e+00,0.000000e+00,0.000000e+00,0.000000e+00,0.000000e+00,61,361
0.000000e+00,1.797438e-07,-2.098502e-07,4.535563e-07,0.000000e+00,0.000000e+00,0.000000e+00,0.000000e+00,0.000000e+00,0.000000e+00,0.000000e+00,62,361
0.000000e+00,-8.267027e-09,7.867453e-09,5.562509e-07,0.000000e+00,0.000000e+00,0.000000e+00,0.000000e+00,0.000000e+00,0.000000e+00,0.000000e+00,63,361
0.000000e+00,2.220197e-07,1.604869e-07,3.739173e-07,0.000000e+00,0.000000e+00,0.000000e+00,0.000000e+00,0.000000e+00,0.000000e+00,0.000000e+00,64,361
0.000000e+00,-6.203715e-08,5.524223e-10,6.649243e-07,0.000000e+00,0.000000e+00,0.000000e+00,0.000000e+00,0.000000e+00,0.000000e+00,0.000000e+00,65,361
0.000000e+00,5.518210e-08,-1.273963e-07,4.662209e-07,0.000000e+00,0.000000e+00,0.000000e+00,0.000000e+00,0.000000e+00,0.000000e+00,0.000000e+00,66,361
0.000000e+00,-1.865765e-08,-1.644602e-07,4.268514e-07,0.000000e+00,0.000000e+00,0.000000e+00,0.000000e+00,0.000000e+00,0.000000e+00,0.000000e+00,67,361
0.000000e+00,-1.623626e-07,-1.742430e-07,2.301206e-07,0.000000e+00,0.000000e+00,0.000000e+00,0.000000e+00,0.000000e+00,0.000000e+00,0.000000e+00,68,361
0.000000e+00,-1.545588e-07,1.086696e-07,4.338136e-07,0.000000e+00,0.000000e+00,0.000000e+00,0.000000e+00,0.000000e+00,0.000000e+00,0.000000e+00,69,361
0.000000e+00,1.466730e-08,-1.665223e-07,3.085962e-07,0.000000e+00,0.000000e+00,0.000000e+00,0.000000e+00,0.000000e+00,0.000000e+00,0.000000e+00,70,361
0.000000e+00,7.997376e-08,-1.309726e-07,1.563617e-07,0.000000e+00,0.000000e+00,0.000000e+00,0.000000e+00,0.000000e+00,0.000000e+00,0.000000e+00,71,361
0.000000e+00,-2.047839e-07,1.091555e-07,2.916670e-07,0.000000e+00,0.000000e+00,0.000000e+00,0.000000e+00,0.000000e+00,0.000000e+00,0.000000e+00,72,361
0.000000e+00,1.852049e-07,1.180966e-07,5.891111e-07,0.000000e+00,0.000000e+00,0.000000e+00,0.000000e+00,0.000000e+00,0.000000e+00,0.000000e+00,73,361
0.000000e+00,-2.059769e-07,1.083675e-08,4.172058e-07,0.000000e+00,0.000000e+00,0.000000e+00,0.000000e+00,0.000000e+00,0.000000e+00,0.000000e+00,74,361
0.000000e+00,-2.650367e-07,5.760936e-08,4.483550e-07,0.000000e+00,0.000000e+00,0.000000e+00,0.000000e+00,0.000000e+00,0.000000e+00,0.000000e+00,75,361
0.000000e+00,3.138118e-08,-1.800805e-07,6.252064e-07,0.000000e+00,0.000000e+00,0.000000e+00,0.000000e+00,0.000000e+00,0.000000e+00,0.000000e+00,76,361
0.000000e+00,1.118119e-07,1.766098e-07,5.840019e-07,0.000000e+00,0.000000e+00,0.000000e+00,0.000000e+00,0.000000e+00,0.000000e+00,0.000000e+00,77,361
0.000000e+00,4.198322e-08,-2.849533e-07,4.166165e-07,0.000000e+00,0.000000e+00,0.000000e+00,0.000000e+00,0.000000e+00,0.000000e+00,0.000000e+00,78,361
0.000000e+00,-4.858938e-09,1.319176e-07,4.793040e-07,0.000000e+00,0.000000e+00,0.000000e+00,0.000000e+00,0.000000e+00,0.000000e+00,0.000000e+00,79,361
0.000000e+00,7.018161e-08,1.449355e-07,1.673080e-07,0.000000e+00,0.000000e+00,0.000000e+00,0.000000e+00,0.000000e+00,0.000000e+00,0.000000e+00,80,361
0.000000e+00,-1.776219e-07,7.239930e-08,3.653402e-07,0.000000e+00,0.000000e+00,0.000000e+00,0.000000e+00,0.000000e+00,0.000000e+00,0.000000e+00,81,361
0.000000e+00,2.092509e-07,-1.474516e-07,4.239883e-07,0.000000e+00,0.000000e+00,0.000000e+00,0.000000e+00,0.000000e+00,0.000000e+00,0.000000e+00,82,361
0.000000e+00,-2.821325e-07,-3.180206e-08,4.043392e-07,0.000000e+00,0.000000e+00,0.000000e+00,0.000000e+00,0.000000e+00,0.000000e+00,0.000000e+00,83,361
0.000000e+00,-8.338325e-09,1.326410e-07,3.698155e-07,0.000000e+00,0.000000e+00,0.000000e+00,0.000000e+00,0.000000e+00,0.000000e+00,0.000000e+00,84,361
0.000000e+00,9.886760e-08,1.411018e-07,4.310947e-07,0.000000e+00,0.000000e+00,0.000000e+00,0.000000e+00,0.000000e+00,0.000000e+00,0.000000e+00,85,361
0.000000e+00,-9.975588e-08,2.209744e-07,3.167364e-07,0.000000e+00,0.000000e+00,0.000000e+00,0.000000e+00,0.000000e+00,0.000000e+00,0.000000e+00,86,361
0.000000e+00,1.101175e-07,-1.032712e-07,5.931945e-07,0.000000e+00,0.000000e+00,0.000000e+00,0.000000e+00,0.000000e+00,0.000000e+00,0.000000e+00,87,361
0.000000e+00,2.419180e-07,-1.630753e-08,5.401548e-07,0.000000e+00,0.000000e+00,0.000000e+00,0.000000e+00,0.000000e+00,0.000000e+00,0.000000e+00,88,361
0.000000e+00,-4.145228e-10,5.089668e-08,3.059442e-07,0.000000e+00,0.000000e+00,0.000000e+00,0.000000e+00,0.000000e+00,0.000000e+00,0.000000e+00,89,361
0.000000e+00,1.979182e-07,-1.953392e-07,3.216461e-07,0.000000e+00,0.000000e+00,0.000000e+00,0.000000e+00,0.000000e+00,0.000000e+00,0.000000e+00,90,361
0.000000e+00,-2.338650e-07,-1.217077e-07,4.393137e-07,0.000000e+00,0.000000e+00,0.000000e+00,0.000000e+00,0.000000e+00,0.000000e+00,0.000000e+00,91,361
0.000000e+00,1.197201e-07,2.618509e-07,3.816357e-07,0.000000e+00,0.000000e+00,0.000000e+00,0.000000e+00,0.000000e+00,0.000000e+00,0.000000e+00,92,361
0.000000e+00,-1.843642e-07,2.150885e-07,4.088284e-07,0.000000e+00,0.000000e+00,0.000000e+00,0.000000e+00,0.000000e+00,0.000000e+00,0.000000e+00,93,361
0.000000e+00,-9.008181e-08,-1.806505e-07,3.956943e-07,0.000000e+00,0.000000e+00,0.000000e+00,0.000000e+00,0.000000e+00,0.000000e+00,0.000000e+00,94,361
0.000000e+00,2.737783e-07,-8.828573e-08,3.387021e-07,0.000000e+00,0.000000e+00,0.000000e+00,0.000000e+00,0.000000e+00,0.000000e+00,0.000000e+00,95,361
0.000000e+00,4.357366e-08,5.736785e-08,4.209772e-07,0.000000e+00,0.000000e+00,0.000000e+00,0.000000e+00,0.000000e+00,0.000000e+00,0.000000e+00,96,361
0.000000e+00,-3.604359e-08,-1.786756e-07,5.328429e-07,0.000000e+00,0.000000e+00,0.000000e+00,0.000000e+00,0.000000e+00,0.000000e+00,0.000000e+00,97,361
0.000000e+00,1.150166e-07,1.890072e-07,2.980564e-07,0.000000e+00,0.000000e+00,0.000000e+00,0.000000e+00,0.000000e+00,0.000000e+00,0.000000e+00,98,361
0.000000e+00,-1.531096e-07,4.722212e-08,4.943845e-07,0.000000e+00,0.000000e+00,0.000000e+00,0.000000e+00,0.000000e+00,0.000000e+00,0.000000e+00,99,361
0.000000e+00,-9.343548e-08,8.411122e-08,6.456260e-07,0.000000e+00,0.000000e+00,0.000000e+00,0.000000e+00,0.000000e+00,0.000000e+00,0.000000e+00,100,361
0.000000e+00,-1.615154e-07,1.883685e-07,2.725721e-07,0.000000e+00,0.000000e+00,0.000000e+00,0.000000e+00,0.000000e+00,0.000000e+00,0.000000e+00,101,361
0.000000e+00,-1.669859e-07,2.406615e-08,6.380212e-07,0.000000e+00,0.000000e+00,0.000000e+00,0.000000e+00,0.000000e+00,0.000000e+00,0.000000e+00,102,361
0.000000e+00,5.781983e-08,8.430110e-09,6.145523e-07,0.000000e+00,0.000000e+00,0.000000e+00,0.000000e+00,0.000000e+00,0.000000e+00,0.000000e+00,103,361
0.000000e+00,-8.261649e-08,2.728111e-07,3.708522e-07,0.000000e+00,0.000000e+00,0.000000e+00,0.000000e+00,0.000000e+00,0.000000e+00,0.000000e+00,104,361
0.000000e+00,-1.503954e-07,-5.960266e-08,5.676911e-07,0.000000e+00,0.000000e+00,0.000000e+00,0.000000e+00,0.000000e+00,0.000000e+00,0.000000e+00,105,361
0.000000e+00,9.913810e-08,2.270326e-08,1.221303e-07,0.000000e+00,0.000000e+00,0.000000e+00,0.000000e+00,0.000000e+00,0.000000e+00,0.000000e+00,106,361
0.000000e+00,-1.677060e-07,1.603230e-07,4.936874e-07,0.000000e+00,0.000000e+00,0.000000e+00,0.000000e+00,0.000000e+00,0.000000e+00,0.000000e+00,107,361
0.000000e+00,-6.048237e-08,-1.271514e-07,3.397994e-07,0.000000e+00,0.000000e+00,0.000000e+00,0.000000e+00,0.000000e+00,0.000000e+00,0.000000e+00,108,361
0.000000e+00,5.126215e-08,-2.217922e-08,6.828838e-07,0.000000e+00,0.000000e+00,0.000000e+00,0.000000e+00,0.000000e+00,0.000000e+00,0.000000e+00,109,361
0.000000e+00,-5.069620e-09,-1.581315e-08,1.190884e-07,0.000000e+00,0.000000e+00,0.000000e+00,0.000000e+00,0.000000e+00,0.000000e+00,0.000000e+00,110,361
0.000000e+00,1.296395e-07,1.866999e-07,5.072859e-07,0.000000e+00,0.000000e+00,0.000000e+00,0.000000e+00,0.000000e+00,0.000000e+00,0.000000e+00,111,361
0.000000e+00,4.024774e-08,2.741632e-07,4.120414e-07,0.000000e+00,0.000000e+00,0.000000e+00,0.000000e+00,0.000000e+00,0.000000e+00,0.000000e+00,112,361
0.000000e+00,-8.959233e-08,5.721209e-08,1.900678e-07,0.000000e+00,0.000000e+00,0.000000e+00,0.000000e+00,0.000000e+00,0.000000e+00,0.000000e+00,113,361
0.000000e+00,-4.709912e-08,-1.632346e-07,6.168353e-07,0.000000e+00,0.000000e+00,0.000000e+00,0.000000e+00,0.000000e+00,0.000000e+00,0.000000e+00,114,361
0.000000e+00,-9.852890e-08,-5.321965e-08,3.694109e-07,0.000000e+00,0.000000e+00,0.000000e+00,0.000000e+00,0.000000e+00,0.000000e+00,0.000000e+00,115,361
0.000000e+00,-7.836483e-08,3.053416e-08,2.616102e-07,0.000000e+00,0.000000e+00,0.000000e+00,0.000000e+00,0.000000e+00,0.000000e+00,0.000000e+00,116,361
0.000000e+00,9.681426e-08,2.576629e-07,4.767882e-07,0.000000e+00,0.000000e+00,0.000000e+00,0.000000e+00,0.000000e+00,0.000000e+00,0.000000e+00,117,361
0.000000e+00,1.774883e-07,5.847808e-08,2.139718e-07,0.000000e+00,0.000000e+00,0.000000e+00,0.000000e+00,0.000000e+00,0.000000e+00,0.000000e+00,118,361
0.000000e+00,1.052206e-07,-2.085214e-07,5.676265e-07,0.000000e+00,0.000000e+00,0.000000e+00,0.000000e+00,0.000000e+00,0.000000e+00,0.000000e+00,119,361
0.000000e+00,-1.041793e-07,-7.951040e-08,1.797642e-07,0.000000e+00,0.000000e+00,0.000000e+00,0.000000e+00,0.000000e+00,0.000000e+00,0.000000e+00,120,361
0.000000e+00,1.222381e-08,-8.234184e-08,6.002831e-07,0.000000e+00,0.000000e+00,0.000000e+00,0.000000e+00,0.000000e+00,0.000000e+00,0.000000e+00,121,361
0.000000e+00,1.945585e-07,-3.460508e-09,3.897755e-07,0.000000e+00,0.000000e+00,0.000000e+00,0.000000e+00,0.000000e+00,0.000000e+00,0.000000e+00,122,361
0.000000e+00,-8.467515e-08,7.803589e-08,6.231234e-07,0.000000e+00,0.000000e+00,0.000000e+00,0.000000e+00,0.000000e+00,0.000000e+00,0.000000e+00,123,361
0.000000e+00,-2.164396e-07,-1.715552e-07,4.986910e-07,0.000000e+00,0.000000e+00,0.000000e+00,0.000000e+00,0.000000e+00,0.000000e+00,0.000000e+00,124,361
0.000000e+00,1.464474e-07,8.170675e-08,5.159286e-07,0.000000e+00,0.000000e+00,0.000000e+00,0.000000e+00,0.000000e+00,0.000000e+00,0.000000e+00,125,361
0.000000e+00,1.490431e-07,-1.368747e-07,1.907655e-07,0.000000e+00,0.000000e+00,0.000000e+00,0.000000e+00,0.000000e+00,0.000000e+00,0.000000e+00,126,361
0.000000e+00,-9.215483e-08,-5.035233e-08,2.543354e-07,0.000000e+00,0.000000e+00,0.000000e+00,0.000000e+00,0.000000e+00,0.000000e+00,0.000000e+00,127,361
0.000000e+00,-1.212421e-07,-1.099437e-07,3.911636e-07,0.000000e+00,0.000000e+00,0.000000e+00,0.000000e+00,0.000000e+00,0.000000e+00,0.000000e+00,128,361
0.000000e+00,-2.113787e-07,1.265889e-07,5.584430e-07,0.000000e+00,0.000000e+00,0.000000e+00,0.000000e+00,0.000000e+00,0.000000e+00,0.000000e+00,129,361
0.000000e+00,-2.391802e-07,-4.399768e-08,2.638561e-07,0.000000e+00,0.000000e+00,0.000000e+00,0.000000e+00,0.000000e+00,0.000000e+00,0.000000e+00,130,361
0.000000e+00,5.498199e-08,-1.189078e-07,1.332754e-07,0.000000e+00,0.000000e+00,0.000000e+00,0.000000e+00,0.000000e+00,0.000000e+00,0.000000e+00,131,361
0.000000e+00,-9.422985e-08,3.548330e-09,1.180680e-07,0.000000e+00,0.000000e+00,0.000000e+00,0.000000e+00,0.000000e+00,0.000000e+00,0.000000e+00,132,361
0.000000e+00,-1.955459e-07,-1.052911e-07,5.285028e-07,0.000000e+00,0.000000e+00,0.000000e+00,0.000000e+00,0.000000e+00,0.000000e+00,0.000000e+00,133,361
0.000000e+00,1.045184e-07,1.429161e-07,3.202397e-07,0.000000e+00,0.000000e+00,0.000000e+00,0.000000e+00,0.000000e+00,0.000000e+00,0.000000e+00,134,361
0.000000e+00,3.741997e-08,1.906292e-07,4.554306e-07,0.000000e+00,0.000000e+00,0.000000e+00,0.000000e+00,0.000000e+00,0.000000e+00,0.000000e+00,135,361
0.000000e+00,2.212999e-07,1.217776e-07,2.993422e-07,0.000000e+00,0.000000e+00,0.000000e+00,0.000000e+00,0.000000e+00,0.000000e+00,0.000000e+00,136,361
0.000000e+00,-1.223375e-07,-1.626577e-07,2.944632e-07,0.000000e+00,0.000000e+00,0.000000e+00,0.000000e+00,0.000000e+00,0.000000e+00,0.000000e+00,137,361
0.000000e+00,1.080996e-07,-5.391211e-08,4.986864e-07,0.000000e+00,0.000000e+00,0.000000e+00,0.000000e+00,0.000000e+00,0.000000e+00,0.000000e+00,138,361
0.000000e+00,-1.166991e-07,5.546606e-08,2.218493e-07,0.000000e+00,0.000000e+00,0.000000e+00,0.000000e+00,0.000000e+00,0.000000e+00,0.000000e+00,139,361
0.000000e+00,1.066517e-07,-1.306483e-08,5.881344e-07,0.000000e+00,0.000000e+00,0.000000e+00,0.000000e+00,0.000000e+00,0.000000e+00,0.000000e+00,140,361
0.000000e+00,3.437679e-08,1.140798e-07,4.107484e-07,0.000000e+00,0.000000e+00,0.000000e+00,0.000000e+00,0.000000e+00,0.000000e+00,0.000000e+00,141,361
0.000000e+00,1.578209e-07,7.556077e-08,3.363914e-07,0.000000e+00,0.000000e+00,0.000000e+00,0.000000e+00,0.000000e+00,0.000000e+00,0.000000e+00,142,361
0.000000e+00,-1.090134e-07,-3.974318e-08,3.067304e-07,0.000000e+00,0.000000e+00,0.000000e+00,0.000000e+00,0.000000e+00,0.000000e+00,0.000000e+00,143,361
0.000000e+00,8.726402e-08,-1.191002e-07,5.690198e-07,0.000000e+00,0.000000e+00,0.000000e+00,0.000000e+00,0.000000e+00,0.000000e+00,0.000000e+00,144,361
0.000000e+00,-1.108600e-07,1.402314e-07,5.684493e-07,0.000000e+00,0.000000e+00,0.000000e+00,0.000000e+00,0.000000e+00,0.000000e+00,0.000000e+00,145,361
0.000000e+00,5.826302e-08,8.727169e-08,3.714324e-07,0.000000e+00,0.000000e+00,0.000000e+00,0.000000e+00,0.000000e+00,0.000000e+00,0.000000e+00,146,361
0.000000e+00,-1.561715e-07,2.123626e-07,3.684113e-07,0.000000e+00,0.000000e+00,0.000000e+00,0.000000e+00,0.000000e+00,0.000000e+00,0.000000e+00,147,361
0.000000e+00,4.931379e-08,1.565321e-07,2.924688e-07,0.000000e+00,0.000000e+00,0.000000e+00,0.000000e+00,0.000000e+00,0.000000e+00,0.000000e+00,148,361
0.000000e+00,2.849752e-08,8.959238e-08,1.513878e-07,0.000000e+00,0.000000e+00,0.000000e+00,0.000000e+00,0.000000e+00,0.000000e+00,0.000000e+00,149,361
0.000000e+00,2.159828e-08,-6.935961e-08,2.494543e-07,0.000000e+00,0.000000e+00,0.000000e+00,0.000000e+00,0.000000e+00,0.000000e+00,0.000000e+00,150,361
0.000000e+00,9.054051e-08,1.738998e-07,2.107245e-07,0.000000e+00,0.000000e+00,0.000000e+00,0.000000e+00,0.000000e+00,0.000000e+00,0.000000e+00,151,361
0.000000e+00,-4.347449e-09,-2.681817e-07,2.782252e-07,0.000000e+00,0.000000e+00,0.000000e+00,0.000000e+00,0.000000e+00,0.000000e+00,0.000000e+00,152,361
0.000000e+00,1.488295e-07,-6.089671e-08,4.011255e-07,0.000000e+00,0.000000e+00,0.000000e+00,0.000000e+00,0.000000e+00,0.000000e+00,0.000000e+00,153,361
0.000000e+00,1.499878e-08,-8.618407e-08,2.364919e-07,0.000000e+00,0.000000e+00,0.000000e+00,0.000000e+00,0.000000e+00,0.000000e+00,0.000000e+00,154,361
0.000000e+00,-9.629193e-08,-5.817729e-08,3.284979e-07,0.000000e+00,0.000000e+00,0.000000e+00,0.000000e+00,0.000000e+00,0.000000e+00,0.000000e+00,155,361
0.000000e+00,-1.184920e-07,1.415391e-07,4.431871e-07,0.000000e+00,0.000000e+00,0.000000e+00,0.000000e+00,0.000000e+00,0.000000e+00,0.000000e+00,156,361
0.000000e+00,-7.797727e-08,2.593728e-07,3.904529e-07,0.000000e+00,0.000000e+00,0.000000e+00,0.000000e+00,0.000000e+00,0.000000e+00,0.000000e+00,157,361
0.000000e+00,1.176979e-07,-1.486593e-07,3.282630e-07,0.000000e+00,0.000000e+00,0.000000e+00,0.000000e+00,0.000000e+00,0.000000e+00,0.000000e+00,158,361
0.000000e+00,1.508213e-08,7.730159e-08,2.692708e-07,0.000000e+00,0.000000e+00,0.000000e+00,0.000000e+00,0.000000e+00,0.000000e+00,0.000000e+00,159,361
0.000000e+00,1.374418e-07,2.100193e-08,5.904900e-07,0.000000e+00,0.000000e+00,0.000000e+00,0.000000e+00,0.000000e+00,0.000000e+00,0.000000e+00,160,361
0.000000e+00,-5.728141e-08,-1.587442e-08,6.111344e-07,0.000000e+00,0.000000e+00,0.000000e+00,0.000000e+00,0.000000e+00,0.000000e+00,0.000000e+00,161,361
0.000000e+00,-5.025920e-08,-1.424244e-07,4.500817e-07,0.000000e+00,0.000000e+00,0.000000e+00,0.000000e+00,0.000000e+00,0.000000e+00,0.000000e+00,162,361
0.000000e+00,3.550895e-09,3.968841e-08,5.675597e-07,0.000000e+00,0.000000e+00,0.000000e+00,0.000000e+00,0.000000e+00,0.000000e+00,0.000000e+00,163,361
0.000000e+00,-7.627000e-08,1.808101e-07,1.906858e-07,0.000000e+00,0.000000e+00,0.000000e+00,0.000000e+00,0.000000e+00,0.000000e+00,0.000000e+00,164,361
0.000000e+00,-1.642595e-07,-2.112543e-08,6.284005e-07,0.000000e+00,0.000000e+00,0.000000e+00,0.000000e+00,0.000000e+00,0.000000e+00,0.000000e+00,165,361
0.000000e+00,-1.322259e-09,-2.872542e-07,3.526062e-07,0.000000e+00,0.000000e+00,0.000000e+00,0.000000e+00,0.000000e+00,0.000000e+00,0.000000e+00,166,361
0.000000e+00,-8.957177e-09,-1.233236e-07,2.667070e-07,0.000000e+00,0.000000e+00,0.000000e+00,0.000000e+00,0.000000e+00,0.000000e+00,0.000000e+00,167,361
0.000000e+00,-1.180464e-07,-1.105318e-07,2.007467e-07,0.000000e+00,0.000000e+00,0.000000e+00,0.000000e+00,0.000000e+00,0.000000e+00,0.000000e+00,168,361
0.000000e+00,5.937101e-08,-1.459416e-07,4.148765e-07,0.000000e+00,0.000000e+00,0.000000e+00,0.000000e+00,0.000000e+00,0.000000e+00,0.000000e+00,169,361
0.000000e+00,-5.268863e-08,-8.673642e-08,3.877263e-07,0.000000e+00,0.000000e+00,0.000000e+00,0.000000e+00,0.000000e+00,0.000000e+00,0.000000e+00,170,361
0.000000e+00,5.481971e-08,-1.864551e-07,2.788225e-07,0.000000e+00,0.000000e+00,0.000000e+00,0.000000e+00,0.000000e+00,0.000000e+00,0.000000e+00,171,361
0.000000e+00,-6.512441e-08,-1.829622e-07,5.858632e-07,0.000000e+00,0.000000e+00,0.000000e+00,0.000000e+00,0.000000e+00,0.000000e+00,0.000000e+00,172,361
0.000000e+00,8.554742e-08,-1.042027e-07,3.563579e-07,0.000000e+00,0.000000e+00,0.000000e+00,0.000000e+00,0.000000e+00,0.000000e+00,0.000000e+00,173,361
0.000000e+00,2.943072e-07,-2.313806e-08,3.846177e-07,0.000000e+00,0.000000e+00,0.000000e+00,0.000000e+00,0.000000e+00,0.000000e+00,0.000000e+00,174,361
0.000000e+00,1.609200e-07,1.841548e-07,3.259065e-07,0.000000e+00,0.000000e+00,0.000000e+00,0.000000e+00,0.000000e+00,0.000000e+00,0.000000e+00,175,361
0.000000e+00,-3.508178e-08,-7.813817e-08,1.657802e-07,0.000000e+00,0.000000e+00,0.000000e+00,0.000000e+00,0.000000e+00,0.000000e+00,0.000000e+00,176,361
0.000000e+00,-9.553736e-08,-2.430156e-07,3.426297e-07,0.000000e+00,0.000000e+00,0.000000e+00,0.000000e+00,0.000000e+00,0.000000e+00,0.000000e+00,177,361
0.000000e+00,2.160151e-07,5.820289e-08,3.660188e-07,0.000000e+00,0.000000e+00,0.000000e+00,0.000000e+00,0.000000e+00,0.000000e+00,0.000000e+00,178,361
0.000000e+00,-3.313236e-08,-9.333265e-08,6.502865e-07,0.000000e+00,0.000000e+00,0.000000e+00,0.000000e+00,0.000000e+00,0.000000e+00,0.000000e+00,179,361
0.000000e+00,2.015271e-07,-1.371655e-07,4.319753e-07,0.000000e+00,0.000000e+00,0.000000e+00,0.000000e+00,0.000000e+00,0.000000e+00,0.000000e+00,180,361
0.000000e+00,-2.275481e-07,1.017611e-07,4.533650e-07,0.000000e+00,0.000000e+00,0.000000e+00,0.000000e+00,0.000000e+00,0.000000e+00,0.000000e+00,181,361
0.000000e+00,1.727425e-07,-2.118868e-07,4.855138e-07,0.000000e+00,0.000000e+00,0.000000e+00,0.000000e+00,0.000000e+00,0.000000e+00,0.000000e+00,182,361
0.000000e+00,-2.988268e-08,1.753325e-07,5.156163e-07,0.000000e+00,0.000000e+00,0.000000e+00,0.000000e+00,0.000000e+00,0.000000e+00,0.000000e+00,183,361
0.000000e+00,-1.472467e-07,-2.251496e-08,5.580594e-07,0.000000e+00,0.000000e+00,0.000000e+00,0.000000e+00,0.000000e+00,0.000000e+00,0.000000e+00,184,361
0.000000e+00,-1.445370e-07,2.335869e-07,4.905171e-07,0.000000e+00,0.000000e+00,0.000000e+00,0.000000e+00,0.000000e+00,0.000000e+00,0.000000e+00,185,361
0.000000e+00,-1.358352e-07,-1.287575e-07,3.536010e-07,0.000000e+00,0.000000e+00,0.000000e+00,0.000000e+00,0.000000e+00,0.000000e+00,0.000000e+00,186,361
0.000000e+00,-2.491326e-07,-5.239249e-08,4.611002e-07,0.000000e+00,0.000000e+00,0.000000e+00,0.000000e+00,0.000000e+00,0.000000e+00,0.000000e+00,187,361
0.000000e+00,-7.692556e-10,1.332399e-07,6.160894e-07,0.000000e+00,0.000000e+00,0.000000e+00,0.000000e+00,0.000000e+00,0.000000e+00,0.000000e+00,188,361
0.000000e+00,-6.025188e-08,1.843077e-07,6.158935e-07,0.000000e+00,0.000000e+00,0.000000e+00,0.000000e+00,0.000000e+00,0.000000e+00,0.000000e+00,189,361
0.000000e+00,-6.490393e-08,2.473189e-07,5.066672e-07,0.000000e+00,0.000000e+00,0.000000e+00,0.000000e+00,0.000000e+00,0.000000e+00,0.000000e+00,190,361
0.000000e+00,-2.490964e-07,2.912184e-08,4.916226e-07,0.000000e+00,0.000000e+00,0.000000e+00,0.000000e+00,0.000000e+00,0.000000e+00,0.000000e+00,191,361
0.000000e+00,1.114858e-07,-2.428467e-07,4.395478e-07,0.000000e+00,0.000000e+00,0.000000e+00,0.000000e+00,0.000000e+00,0.000000e+00,0.000000e+00,192,361
0.000000e+00,1.380454e-07,2.657130e-08,1.371878e-07,0.000000e+00,0.000000e+00,0.000000e+00,0.000000e+00,0.000000e+00,0.000000e+00,0.000000e+00,193,361
0.000000e+00,4.793113e-08,1.930124e-07,5.051808e-07,0.000000e+00,0.000000e+00,0.000000e+00,0.000000e+00,0.000000e+00,0.000000e+00,0.000000e+00,194,361
0.000000e+00,-2.701011e-07,3.185410e-09,4.812192e-07,0.000000e+00,0.000000e+00,0.000000e+00,0.000000e+00,0.000000e+00,0.000000e+00,0.000000e+00,195,361
0.000000e+00,2.160726e-07,-1.924584e-07,4.495217e-07,0.000000e+00,0.000000e+00,0.000000e+00,0.000000e+00,0.000000e+00,0.000000e+00,0.000000e+00,196,361
0.000000e+00,-7.561166e-08,6.253563e-08,2.983137e-07,0.000000e+00,0.000000e+00,0.000000e+00,0.000000e+00,0.000000e+00,0.000000e+00,0.000000e+00,197,361
0.000000e+00,-1.323517e-07,-4.757354e-08,2.153373e-07,0.000000e+00,0.000000e+00,0.000000e+00,0.000000e+00,0.000000e+00,0.000000e+00,0.000000e+00,198,361
0.000000e+00,-1.542240e-09,-1.220316e-07,5.448773e-07,0.000000e+00,0.000000e+00,0.000000e+00,0.000000e+00,0.000000e+00,0.000000e+00,0.000000e+00,199,361
0.000000e+00,1.236893e-07,-2.091072e-07,5.505294e-07,0.000000e+00,0.000000e+00,0.000000e+00,0.000000e+00,0.000000e+00,0.000000e+00,0.000000e+00,200,361
0.000000e+00,1.384366e-07,9.662920e-08,1.657098e-07,0.000000e+00,0.000000e+00,0.000000e+00,0.000000e+00,0.000000e+00,0.000000e+00,0.000000e+00,201,361
0.000000e+00,-9.794569e-08,1.015847e-07,4.651309e-07,0.000000e+00,0.000000e+00,0.000000e+00,0.000000e+00,0.000000e+00,0.000000e+00,0.000000e+00,202,361
0.000000e+00,-3.555563e-08,1.601719e-07,2.256933e-07,0.000000e+00,0.000000e+00,0.000000e+00,0.000000e+00,0.000000e+00,0.000000e+00,0.000000e+00,203,361
0.000000e+00,-1.893666e-07,-2.006188e-07,4.286435e-07,0.000000e+00,0.000000e+00,0.000000e+00,0.000000e+00,0.000000e+00,0.000000e+00,0.000000e+00,204,361
0.000000e+00,2.508448e-07,-9.144853e-08,4.755776e-07,0.000000e+00,0.000000e+00,0.000000e+00,0.000000e+00,0.000000e+00,0.000000e+00,0.000000e+00,205,361
0.000000e+00,-4.650128e-08,-1.416079e-07,1.425923e-07,0.000000e+00,0.000000e+00,0.000000e+00,0.000000e+00,0.000000e+00,0.000000e+00,0.000000e+00,206,361
0.000000e+00,-2.418131e-07,7.763118e-08,3.578303e-07,0.000000e+00,0.000000e+00,0.000000e+00,0.000000e+00,0.000000e+00,0.000000e+00,0.000000e+00,207,361
0.000000e+00,1.130494e-07,-3.712148e-08,3.493135e-07,0.000000e+00,0.000000e+00,0.000000e+00,0.000000e+00,0.000000e+00,0.000000e+00,0.000000e+00,208,361
0.000000e+00,7.529471e-08,1.770803e-07,4.721128e-07,0.000000e+00,0.000000e+00,0.000000e+00,0.000000e+00,0.000000e+00,0.000000e+00,0.000000e+00,209,361
0.000000e+00,1.502208e-07,9.757844e-08,3.480512e-07,0.000000e+00,0.000000e+00,0.000000e+00,0.000000e+00,0.000000e+00,0.000000e+00,0.000000e+00,210,361
0.000000e+00,1.795756e-07,-4.209228e-08,3.091867e-07,0.000000e+00,0.000000e+00,0.000000e+00,0.000000e+00,0.000000e+00,0.000000e+00,0.000000e+00,211,361
0.000000e+00,1.125233e-07,-2.536891e-07,3.500473e-07,0.000000e+00,0.000000e+00,0.000000e+00,0.000000e+00,0.000000e+00,0.000000e+00,0.000000e+00,212,361
0.000000e+00,-4.882992e-08,-1.438921e-07,4.195696e-07,0.000000e+00,0.000000e+00,0.000000e+00,0.000000e+00,0.000000e+00,0.000000e+00,0.000000e+00,213,361
0.000000e+00,1.384990e-07,-1.893724e-07,4.892363e-07,0.000000e+00,0.000000e+00,0.000000e+00,0.000000e+00,0.000000e+00,0.000000e+00,0.000000e+00,214,361
0.000000e+00,1.450691e-07,-2.111480e-08,3.120753e-07,0.000000e+00,0.000000e+00,0.000000e+00,0.000000e+00,0.000000e+00,0.000000e+00,0.000000e+00,215,361
0.000000e+00,4.468732e-08,-9.848651e-08,5.829920e-07,0.000000e+00,0.000000e+00,0.000000e+00,0.000000e+00,0.000000e+00,0.000000e+00,0.000000e+00,216,361
0.000000e+00,1.115442e-08,-8.764515e-08,5.093373e-07,0.000000e+00,0.000000e+00,0.000000e+00,0.000000e+00,0.000000e+00,0.000000e+00,0.000000e+00,217,361
0.000000e+00,-1.573774e-07,8.356641e-08,2.021521e-07,0.000000e+00,0.000000e+00,0.000000e+00,0.000000e+00,0.000000e+00,0.000000e+00,0.000000e+00,218,361
0.000000e+00,6.906802e-08,1.509503e-07,4.016702e-07,0.000000e+00,0.000000e+00,0.000000e+00,0.000000e+00,0.000000e+00,0.000000e+00,0.000000e+00,219,361
0.000000e+00,2.197371e-07,1.178953e-07,4.707020e-07,0.000000e+00,0.000000e+00,0.000000e+00,0.000000e+00,0.000000e+00,0.000000e+00,0.000000e+00,220,361
0.000000e+00,8.012043e-08,1.723609e-07,3.424557e-07,0.000000e+00,0.000000e+00,0.000000e+00,0.000000e+00,0.000000e+00,0.000000e+00,0.000000e+00,221,361
0.000000e+00,7.989747e-09,1.935684e-08,5.110256e-07,0.000000e+00,0.000000e+00,0.000000e+00,0.000000e+00,0.000000e+00,0.000000e+00,0.000000e+00,222,361
0.000000e+00,5.514739e-08,2.524030e-07,4.187965e-07,0.000000e+00,0.000000e+00,0.000000e+00,0.000000e+00,0.000000e+00,0.000000e+00,0.000000e+00,223,361
0.000000e+00,-4.624788e-08,-1.720225e-08,2.814826e-07,0.000000e+00,0.000000e+00,0.000000e+00,0.000000e+00,0.000000e+00,0.000000e+00,0.000000e+00,224,361
0.000000e+00,6.356085e-08,-9.954547e-08,2.418737e-07,0.000000e+00,0.000000e+00,0.000000e+00,0.000000e+00,0.000000e+00,0.000000e+00,0.000000e+00,225,361
0.000000e+00,9.279147e-08,1.557305e-07,4.103873e-07,0.000000e+00,0.000000e+00,0.000000e+00,0.000000e+00,0.000000e+00,0.000000e+00,0.000000e+00,226,361
0.000000e+00,-4.178333e-08,2.207956e-07,2.345806e-07,0.000000e+00,0.000000e+00,0.000000e+00,0.000000e+00,0.000000e+00,0.000000e+00,0.000000e+00,227,361
0.000000e+00,-7.709678e-08,1.411175e-07,5.957681e-07,0.000000e+00,0.000000e+00,0.000000e+00,0.000000e+00,0.000000e+00,0.000000e+00,0.000000e+00,228,361
0.000000e+00,7.764445e-08,2.348888e-08,1.144954e-07,0.000000e+00,0.000000e+00,0.000000e+00,0.000000e+00,0.000000e+00,0.000000e+00,0.000000e+00,229,361
0.000000e+00,1.301882e-07,-2.454748e-07,3.836993e-07,0.000000e+00,0.000000e+00,0.000000e+00,0.000000e+00,0.000000e+00,0.000000e+00,0.000000e+00,230,361
0.000000e+00,1.697436e-08,-7.108710e-08,5.350127e-07,0.000000e+00,0.000000e+00,0.000000e+00,0.000000e+00,0.000000e+00,0.000000e+00,0.000000e+00,231,361
0.000000e+00,1.247168e-07,-1.703974e-07,2.855649e-07,0.000000e+00,0.000000e+00,0.000000e+00,0.000000e+00,0.000000e+00,0.000000e+00,0.000000e+00,232,361
0.000000e+00,1.297271e-07,2.063729e-07,2.459385e-07,0.000000e+00,0.000000e+00,0.000000e+00,0.000000e+00,0.000000e+00,0.000000e+00,0.000000e+00,233,361
0.000000e+00,1.768534e-08,1.299875e-07,4.381888e-07,0.000000e+00,0.000000e+00,0.000000e+00,0.000000e+00,0.000000e+00,0.000000e+00,0.000000e+00,234,361
0.000000e+00,7.185040e-08,1.701716e-07,2.234331e-07,0.000000e+00,0.000000e+00,0.000000e+00,0.000000e+00,0.000000e+00,0.000000e+00,0.000000e+00,235,361
0.000000e+00,2.003897e-07,-6.985066e-08,5.955191e-07,0.000000e+00,0.000000e+00,0.000000e+00,0.000000e+00,0.000000e+00,0.000000e+00,0.000000e+00,236,361
0.000000e+00,-1.086881e-07,-9.987486e-08,6.411821e-07,0.000000e+00,0.000000e+00,0.000000e+00,0.000000e+00,0.000000e+00,0.000000e+00,0.000000e+00,237,361
0.000000e+00,1.390018e-07,-5.546490e-08,5.957347e-07,0.000000e+00,0.000000e+00,0.000000e+00,0.000000e+00,0.000000e+00,0.000000e+00,0.000000e+00,238,361
0.000000e+00,-1.768186e-08,1.166836e-07,6.105735e-07,0.000000e+00,0.000000e+00,0.000000e+00,0.000000e+00,0.000000e+00,0.000000e+00,0.000000e+00,239,361
0.000000e+00,-5.564290e-08,-9.422824e-08,3.563802e-07,0.000000e+00,0.000000e+00,0.000000e+00,0.000000e+00,0.000000e+00,0.000000e+00,0.000000e+00,240,361
0.000000e+00,2.485908e-07,-4.652421e-09,3.483515e-07,0.000000e+00,0.000000e+00,0.000000e+00,0.000000e+00,0.000000e+00,0.000000e+00,0.000000e+00,241,361
0.000000e+00,2.678343e-07,2.519206e-08,3.783018e-07,0.000000e+00,0.000000e+00,0.000000e+00,0.000000e+00,0.000000e+00,0.000000e+00,0.000000e+00,242,361
0.000000e+00,-2.025224e-07,-1.002329e-07,2.812028e-07,0.000000e+00,0.000000e+00,0.000000e+00,0.000000e+00,0.000000e+00,0.000000e+00,0.000000e+00,243,361
0.000000e+00,1.161456e-08,-2.102404e-07,1.936052e-07,0.000000e+00,0.000000e+00,0.000000e+00,0.000000e+00,0.000000e+00,0.000000e+00,0.000000e+00,244,361
0.000000e+00,-2.263288e-08,-3.934723e-08,3.340387e-07,0.000000e+00,0.000000e+00,0.000000e+00,0.000000e+00,0.000000e+00,0.000000e+00,0.000000e+00,245,361
0.000000e+00,-1.109826e-07,-1.957420e-07,4.736758e-07,0.000000e+00,0.000000e+00,0.000000e+00,0.000000e+00,0.000000e+00,0.000000e+00,0.000000e+00,246,361
0.000000e+00,2.490729e-07,1.309849e-07,4.561619e-07,0.000000e+00,0.000000e+00,0.000000e+00,0.000000e+00,0.000000e+00,0.000000e+00,0.000000e+00,247,361
0.000000e+00,1.902542e-08,-1.954659e-07,4.989229e-07,0.000000e+00,0.000000e+00,0.000000e+00,0.000000e+00,0.000000e+00,0.000000e+00,0.000000e+00,248,361
0.000000e+00,-4.503055e-08,-1.587543e-07,5.251041e-07,0.000000e+00,0.000000e+00,0.000000e+00,0.000000e+00,0.000000e+00,0.000000e+00,0.000000e+00,249,361
0.000000e+00,-9.469943e-08,4.407288e-08,6.703791e-07,0.000000e+00,0.000000e+00,0.000000e+00,0.000000e+00,0.000000e+00,0.000000e+00,0.000000e+00,250,361
0.000000e+00,-2.896496e-07,-1.864121e-08,3.942651e-07,0.000000e+00,0.000000e+00,0.000000e+00,0.000000e+00,0.000000e+00,0.000000e+00,0.000000e+00,251,361
0.000000e+00,-1.736373e-07,-2.111844e-08,4.652065e-07,0.000000e+00,0.000000e+00,0.000000e+00,0.000000e+00,0.000000e+00,0.000000e+00,0.000000e+00,252,361
0.000000e+00,1.133987e-07,1.198673e-07,5.978667e-07,0.000000e+00,0.000000e+00,0.000000e+00,0.000000e+00,0.000000e+00,0.000000e+00,0.000000e+00,253,361
0.000000e+00,-2.017591e-08,-1.572932e-07,4.397158e-07,0.000000e+00,0.000000e+00,0.000000e+00,0.000000e+00,0.000000e+00,0.000000e+00,0.000000e+00,254,361
0.000000e+00,1.321537e-07,7.750567e-09,1.361166e-07,0.000000e+00,0.000000e+00,0.000000e+00,0.000000e+00,0.000000e+00,0.000000e+00,0.000000e+00,255,361
0.000000e+00,-6.709662e-08,2.541363e-07,4.778117e-07,0.000000e+00,0.000000e+00,0.000000e+00,0.000000e+00,0.000000e+00,0.000000e+00,0.000000e+00,256,361
0.000000e+00,2.320314e-07,-1.282378e-07,3.382096e-07,0.000000e+00,0.000000e+00,0.000000e+00,0.000000e+00,0.000000e+00,0.000000e+00,0.000000e+00,257,361
0.000000e+00,1.389551e-07,1.659441e-07,3.151390e-07,0.000000e+00,0.000000e+00,0.000000e+00,0.000000e+00,0.000000e+00,0.000000e+00,0.000000e+00,258,361
0.000000e+00,-4.968456e-09,-6.761907e-08,1.749528e-07,0.000000e+00,0.000000e+00,0.000000e+00,0.000000e+00,0.000000e+00,0.000000e+00,0.000000e+00,259,361
0.000000e+00,-2.324942e-07,1.316573e-07,4.968793e-07,0.000000e+00,0.000000e+00,0.000000e+00,0.000000e+00,0.000000e+00,0.000000e+00,0.000000e+00,260,361
0.000000e+00,1.462335e-07,1.465036e-07,3.982321e-07,0.000000e+00,0.000000e+00,0.000000e+00,0.000000e+00,0.000000e+00,0.000000e+00,0.000000e+00,261,361
0.000000e+00,-1.343179e-07,-1.414397e-08,5.930592e-07,0.000000e+00,0.000000e+00,0.000000e+00,0.000000e+00,0.000000e+00,0.000000e+00,0.000000e+00,262,361
0.000000e+00,9.478490e-08,-7.834377e-09,6.499160e-07,0.000000e+00,0.000000e+00,0.000000e+00,0.000000e+00,0.000000e+00,0.000000e+00,0.000000e+00,263,361
0.000000e+00,-1.005664e-07,5.856532e-08,1.471046e-07,0.000000e+00,0.000000e+00,0.000000e+00,0.000000e+00,0.000000e+00,0.000000e+00,0.000000e+00,264,361
0.000000e+00,-1.044168e-07,7.932715e-08,5.844081e-07,0.000000e+00,0.000000e+00,0.000000e+00,0.000000e+00,0.000000e+00,0.000000e+00,0.000000e+00,265,361
0.000000e+00,1.723987e-07,1.907418e-07,4.458696e-07,0.000000e+00,0.000000e+00,0.000000e+00,0.000000e+00,0.000000e+00,0.000000e+00,0.000000e+00,266,361
0.000000e+00,-3.339382e-08,1.418037e-07,3.418010e-07,0.000000e+00,0.000000e+00,0.000000e+00,0.000000e+00,0.000000e+00,0.000000e+00,0.000000e+00,267,361
0.000000e+00,-8.474173e-10,-2.138293e-07,5.698998e-07,0.000000e+00,0.000000e+00,0.000000e+00,0.000000e+00,0.000000e+00,0.000000e+00,0.000000e+00,268,361
0.000000e+00,8.455590e-08,-4.412236e-09,5.071073e-07,0.000000e+00,0.000000e+00,0.000000e+00,0.000000e+00,0.000000e+00,0.000000e+00,0.000000e+00,269,361
0.000000e+00,2.805919e-07,-8.599883e-08,3.633274e-07,0.000000e+00,0.000000e+00,0.000000e+00,0.000000e+00,0.000000e+00,0.000000e+00,0.000000e+00,270,361
0.000000e+00,-2.444738e-07,1.319666e-08,5.154049e-07,0.000000e+00,0.000000e+00,0.000000e+00,0.000000e+00,0.000000e+00,0.000000e+00,0.000000e+00,271,361
0.000000e+00,-1.298560e-07,-2.243517e-07,2.801748e-07,0.000000e+00,0.000000e+00,0.000000e+00,0.000000e+00,0.000000e+00,0.000000e+00,0.000000e+00,272,361
0.000000e+00,4.741607e-08,9.115421e-08,1.939104e-07,0.000000e+00,0.000000e+00,0.000000e+00,0.000000e+00,0.000000e+00,0.000000e+00,0.000000e+00,273,361
0.000000e+00,-1.706284e-07,-1.579599e-07,3.915103e-07,0.000000e+00,0.000000e+00,0.000000e+00,0.000000e+00,0.000000e+00,0.000000e+00,0.000000e+00,274,361
0.000000e+00,2.660165e-07,-2.329482e-08,2.909879e-07,0.000000e+00,0.000000e+00,0.000000e+00,0.000000e+00,0.000000e+00,0.000000e+00,0.000000e+00,275,361
0.000000e+00,-1.401601e-07,-3.782468e-08,3.561212e-07,0.000000e+00,0.000000e+00,0.000000e+00,0.000000e+00,0.000000e+00,0.000000e+00,0.000000e+00,276,361
0.000000e+00,-1.046098e-07,-2.629186e-07,4.570407e-07,0.000000e+00,0.000000e+00,0.000000e+00,0.000000e+00,0.000000e+00,0.000000e+00,0.000000e+00,277,361
0.000000e+00,8.579564e-08,-1.189621e-07,4.136256e-07,0.000000e+00,0.000000e+00,0.000000e+00,0.000000e+00,0.000000e+00,0.000000e+00,0.000000e+00,278,361
0.000000e+00,8.561497e-08,1.677749e-08,4.360621e-07,0.000000e+00,0.000000e+00,0.000000e+00,0.000000e+00,0.000000e+00,0.000000e+00,0.000000e+00,279,361
0.000000e+00,2.736534e-07,-5.533143e-08,4.705929e-07,0.000000e+00,0.000000e+00,0.000000e+00,0.000000e+00,0.000000e+00,0.000000e+00,0.000000e+00,280,361
0.000000e+00,3.872960e-08,-2.019396e-07,2.808783e-07,0.000000e+00,0.000000e+00,0.000000e+00,0.000000e+00,0.000000e+00,0.000000e+00,0.000000e+00,281,361
0.000000e+00,-3.648113e-08,3.470056e-08,4.152478e-07,0.000000e+00,0.000000e+00,0.000000e+00,0.000000e+00,0.000000e+00,0.000000e+00,0.000000e+00,282,361
0.000000e+00,6.650577e-08,1.680407e-07,2.827899e-07,0.000000e+00,0.000000e+00,0.000000e+00,0.000000e+00,0.000000e+00,0.000000e+00,0.000000e+00,283,361
0.000000e+00,8.969717e-08,2.101364e-07,2.211144e-07,0.000000e+00,0.000000e+00,0.000000e+00,0.000000e+00,0.000000e+00,0.000000e+00,0.000000e+00,284,361
0.000000e+00,8.000854e-08,-6.635910e-08,3.231023e-07,0.000000e+00,0.000000e+00,0.000000e+00,0.000000e+00,0.000000e+00,0.000000e+00,0.000000e+00,285,361
0.000000e+00,-1.234846e-07,-7.772702e-08,6.339749e-07,0.000000e+00,0.000000e+00,0.000000e+00,0.000000e+00,0.000000e+00,0.000000e+00,0.000000e+00,286,361
0.000000e+00,2.335430e-08,-3.329803e-08,4.620674e-07,0.000000e+00,0.000000e+00,0.000000e+00,0.000000e+00,0.000000e+00,0.000000e+00,0.000000e+00,287,361
0.000000e+00,-1.020344e-07,-1.791853e-07,3.768772e-07,0.000000e+00,0.000000e+00,0.000000e+00,0.000000e+00,0.000000e+00,0.000000e+00,0.000000e+00,288,361
0.000000e+00,2.395765e-08,1.788292e-07,4.623606e-07,0.000000e+00,0.000000e+00,0.000000e+00,0.000000e+00,0.000000e+00,0.000000e+00,0.000000e+00,289,361
0.000000e+00,1.374485e-07,3.544817e-08,5.390793e-07,0.000000e+00,0.000000e+00,0.000000e+00,0.000000e+00,0.000000e+00,0.000000e+00,0.000000e+00,290,361
0.000000e+00,-7.189796e-08,1.576530e-07,2.192079e-07,0.000000e+00,0.000000e+00,0.000000e+00,0.000000e+00,0.000000e+00,0.000000e+00,0.000000e+00,291,361
0.000000e+00,-7.993473e-08,7.146003e-08,2.080478e-07,0.000000e+00,0.000000e+00,0.000000e+00,0.000000e+00,0.000000e+00,0.000000e+00,0.000000e+00,292,361
0.000000e+00,1.360376e-07,-7.887692e-08,4.446520e-07,0.000000e+00,0.000000e+00,0.000000e+00,0.000000e+00,0.000000e+00,0.000000e+00,0.000000e+00,293,361
0.000000e+00,-2.573399e-08,-1.033714e-07,4.224666e-07,0.000000e+00,0.000000e+00,0.000000e+00,0.000000e+00,0.000000e+00,0.000000e+00,0.000000e+00,294,361
0.000000e+00,-2.553142e-07,-4.395017e-08,4.230984e-07,0.000000e+00,0.000000e+00,0.000000e+00,0.000000e+00,0.000000e+00,0.000000e+00,0.000000e+00,295,361
0.000000e+00,-1.118218e-07,-1.492781e-08,3.387651e-07,0.000000e+00,0.000000e+00,0.000000e+00,0.000000e+00,0.000000e+00,0.000000e+00,0.000000e+00,296,361
0.000000e+00,-5.855821e-08,2.278195e-07,2.687253e-07,0.000000e+00,0.000000e+00,0.000000e+00,0.000000e+00,0.000000e+00,0.000000e+00,0.000000e+00,297,361
0.000000e+00,-4.979921e-08,-1.958734e-08,2.847876e-07,0.000000e+00,0.000000e+00,0.000000e+00,0.000000e+00,0.000000e+00,0.000000e+00,0.000000e+00,298,361
0.000000e+00,-1.707668e-07,-7.534544e-08,3.520247e-07,0.000000e+00,0.000000e+00,0.000000e+00,0.000000e+00,0.000000e+00,0.000000e+00,0.000000e+00,299,361
0.000000e+00,1.817711e-08,-1.282117e-07,3.305888e-07,0.000000e+00,0.000000e+00,0.000000e+00,0.000000e+00,0.000000e+00,0.000000e+00,0.000000e+00,300,361
0.000000e+00,9.399549e-08,2.429528e-07,4.692047e-07,0.000000e+00,0.000000e+00,0.000000e+00,0.000000e+00,0.000000e+00,0.000000e+00,0.000000e+00,301,361
0.000000e+00,-1.210771e-07,-4.857963e-08,1.694596e-07,0.000000e+00,0.000000e+00,0.000000e+00,0.000000e+00,0.000000e+00,0.000000e+00,0.000000e+00,302,361
0.000000e+00,-1.890307e-07,1.345693e-07,3.166047e-07,0.000000e+00,0.000000e+00,0.000000e+00,0.000000e+00,0.000000e+00,0.000000e+00,0.000000e+00,303,361
0.000000e+00,-1.134477e-07,-1.503783e-07,3.244412e-07,0.000000e+00,0.000000e+00,0.000000e+00,0.000000e+00,0.000000e+00,0.000000e+00,0.000000e+00,304,361
0.000000e+00,-2.130446e-07,-4.564453e-08,4.309916e-07,0.000000e+00,0.000000e+00,0.000000e+00,0.000000e+00,0.000000e+00,0.000000e+00,0.000000e+00,305,361
0.000000e+00,-6.680209e-08,1.467729e-08,3.184808e-07,0.000000e+00,0.000000e+00,0.000000e+00,0.000000e+00,0.000000e+00,0.000000e+00,0.000000e+00,306,361
0.000000e+00,6.840379e-08,2.234605e-07,2.588997e-07,0.000000e+00,0.000000e+00,0.000000e+00,0.000000e+00,0.000000e+00,0.000000e+00,0.000000e+00,307,361
0.000000e+00,3.871592e-10,-2.265576e-07,5.008488e-07,0.000000e+00,0.000000e+00,0.000000e+00,0.000000e+00,0.000000e+00,0.000000e+00,0.000000e+00,308,361
0.000000e+00,1.071935e-07,3.466336e-10,1.962055e-07,0.000000e+00,0.000000e+00,0.000000e+00,0.000000e+00,0.000000e+00,0.000000e+00,0.000000e+00,309,361
0.000000e+00,-1.460514e-07,-1.914238e-08,4.751453e-07,0.000000e+00,0.000000e+00,0.000000e+00,0.000000e+00,0.000000e+00,0.000000e+00,0.000000e+00,310,361
0.000000e+00,-5.482050e-08,1.103559e-07,3.501965e-07,0.000000e+00,0.000000e+00,0.000000e+00,0.000000e+00,0.000000e+00,0.000000e+00,0.000000e+00,311,361
0.000000e+00,-2.150832e-07,1.353729e-08,5.155799e-07,0.000000e+00,0.000000e+00,0.000000e+00,0.000000e+00,0.000000e+00,0.000000e+00,0.000000e+00,312,361
0.000000e+00,1.727245e-07,-2.159568e-07,4.582058e-07,0.000000e+00,0.000000e+00,0.000000e+00,0.000000e+00,0.000000e+00,0.000000e+00,0.000000e+00,313,361
0.000000e+00,2.263074e-07,-4.549227e-08,3.323237e-07,0.000000e+00,0.000000e+00,0.000000e+00,0.000000e+00,0.000000e+00,0.000000e+00,0.000000e+00,314,361
0.000000e+00,-1.024783e-08,-9.337780e-08,5.413473e-07,0.000000e+00,0.000000e+00,0.000000e+00,0.000000e+00,0.000000e+00,0.000000e+00,0.000000e+00,315,361
0.000000e+00,-4.305992e-09,-1.941871e-07,5.312065e-07,0.000000e+00,0.000000e+00,0.000000e+00,0.000000e+00,0.000000e+00,0.000000e+00,0.000000e+00,316,361
0.000000e+00,-2.067886e-07,-1.297938e-07,2.816766e-07,0.000000e+00,0.000000e+00,0.000000e+00,0.000000e+00,0.000000e+00,0.000000e+00,0.000000e+00,317,361
0.000000e+00,-2.260597e-07,6.605771e-09,4.819641e-07,0.000000e+00,0.000000e+00,0.000000e+00,0.000000e+00,0.000000e+00,0.000000e+00,0.000000e+00,318,361
0.000000e+00,-1.377730e-07,7.175343e-08,2.626692e-07,0.000000e+00,0.000000e+00,0.000000e+00,0.000000e+00,0.000000e+00,0.000000e+00,0.000000e+00,319,361
0.000000e+00,-2.549419e-07,-6.359679e-08,4.524551e-07,0.000000e+00,0.000000e+00,0.000000e+00,0.000000e+00,0.000000e+00,0.000000e+00,0.000000e+00,320,361
0.000000e+00,8.936694e-08,-2.016178e-07,2.911288e-07,0.000000e+00,0.000000e+00,0.000000e+00,0.000000e+00,0.000000e+00,0.000000e+00,0.000000e+00,321,361
0.000000e+00,-2.251829e-08,-4.602081e-08,6.531567e-07,0.000000e+00,0.000000e+00,0.000000e+00,0.000000e+00,0.000000e+00,0.000000e+00,0.000000e+00,322,361
0.000000e+00,7.189877e-08,1.672629e-07,5.722293e-07,0.000000e+00,0.000000e+00,0.000000e+00,0.000000e+00,0.000000e+00,0.000000e+00,0.000000e+00,323,361
0.000000e+00,-7.749739e-08,-1.853724e-07,1.984817e-07,0.000000e+00,0.000000e+00,0.000000e+00,0.000000e+00,0.000000e+00,0.000000e+00,0.000000e+00,324,361
0.000000e+00,1.401527e-07,1.089828e-07,6.170442e-07,0.000000e+00,0.000000e+00,0.000000e+00,0.000000e+00,0.000000e+00,0.000000e+00,0.000000e+00,325,361
0.000000e+00,-9.847605e-08,-2.230010e-07,3.670925e-07,0.000000e+00,0.000000e+00,0.000000e+00,0.000000e+00,0.000000e+00,0.000000e+00,0.000000e+00,326,361
0.000000e+00,1.943137e-07,6.161721e-08,4.887757e-07,0.000000e+00,0.000000e+00,0.000000e+00,0.000000e+00,0.000000e+00,0.000000e+00,0.000000e+00,327,361
0.000000e+00,1.299380e-07,-1.833201e-08,5.198207e-07,0.000000e+00,0.000000e+00,0.000000e+00,0.000000e+00,0.000000e+00,0.000000e+00,0.000000e+00,328,361
0.000000e+00,9.545956e-08,4.002563e-08,4.705404e-07,0.000000e+00,0.000000e+00,0.000000e+00,0.000000e+00,0.000000e+00,0.000000e+00,0.000000e+00,329,361
0.000000e+00,3.232298e-08,-1.998332e-07,4.159319e-07,0.000000e+00,0.000000e+00,0.000000e+00,0.000000e+00,0.000000e+00,0.000000e+00,0.000000e+00,330,361
0.000000e+00,-2.128265e-07,2.684488e-08,5.610044e-07,0.000000e+00,0.000000e+00,0.000000e+00,0.000000e+00,0.000000e+00,0.000000e+00,0.000000e+00,331,361
0.000000e+00,1.252798e-08,3.064751e-08,1.871145e-07,0.000000e+00,0.000000e+00,0.000000e+00,0.000000e+00,0.000000e+00,0.000000e+00,0.000000e+00,332,361
0.000000e+00,1.215972e-08,1.426949e-07,2.052420e-07,0.000000e+00,0.000000e+00,0.000000e+00,0.000000e+00,0.000000e+00,0.000000e+00,0.000000e+00,333,361
0.000000e+00,2.430490e-07,4.371307e-08,4.472000e-07,0.000000e+00,0.000000e+00,0.000000e+00,0.000000e+00,0.000000e+00,0.000000e+00,0.000000e+00,334,361
0.000000e+00,-1.591946e-08,4.741193e-08,3.012520e-07,0.000000e+00,0.000000e+00,0.000000e+00,0.000000e+00,0.000000e+00,0.000000e+00,0.000000e+00,335,361
0.000000e+00,-6.025284e-08,5.604006e-08,6.711454e-07,0.000000e+00,0.000000e+00,0.000000e+00,0.000000e+00,0.000000e+00,0.000000e+00,0.000000e+00,336,361
0.000000e+00,-6.611774e-08,4.385192e-08,4.151986e-07,0.000000e+00,0.000000e+00,0.000000e+00,0.000000e+00,0.000000e+00,0.000000e+00,0.000000e+00,337,361
0.000000e+00,-9.956821e-08,-6.482979e-08,5.032247e-07,0.000000e+00,0.000000e+00,0.000000e+00,0.000000e+00,0.000000e+00,0.000000e+00,0.000000e+00,338,361
0.000000e+00,-1.861812e-07,3.731997e-08,3.100151e-07,0.000000e+00,0.000000e+00,0.000000e+00,0.000000e+00,0.000000e+00,0.000000e+00,0.000000e+00,339,361
0.000000e+00,1.748622e-07,1.120536e-07,3.905168e-07,0.000000e+00,0.000000e+00,0.000000e+00,0.000000e+00,0.000000e+00,0.000000e+00,0.000000e+00,340,361
0.000000e+00,-2.095845e-07,-5.601647e-08,2.180830e-07,0.000000e+00,0.000000e+00,0.000000e+00,0.000000e+00,0.000000e+00,0.000000e+00,0.000000e+00,341,361
0.000000e+00,-1.242710e-07,2.495792e-07,4.563561e-07,0.000000e+00,0.000000e+00,0.000000e+00,0.000000e+00,0.000000e+00,0.000000e+00,0.000000e+00,342,361
0.000000e+00,-2.242866e-07,3.022126e-08,5.209872e-07,0.000000e+00,0.000000e+00,0.000000e+00,0.000000e+00,0.000000e+00,0.000000e+00,0.000000e+00,343,361
0.000000e+00,2.427591e-07,5.188563e-08,4.046726e-07,0.000000e+00,0.000000e+00,0.000000e+00,0.000000e+00,0.000000e+00,0.000000e+00,0.000000e+00,344,361
0.000000e+00,1.850767e-07,2.729426e-08,6.104899e-07,0.000000e+00,0.000000e+00,0.000000e+00,0.000000e+00,0.000000e+00,0.000000e+00,0.000000e+00,345,361
0.000000e+00,8.025304e-08,1.781949e-07,4.926523e-07,0.000000e+00,0.000000e+00,0.000000e+00,0.000000e+00,0.000000e+00,0.000000e+00,0.000000e+00,346,361
0.000000e+00,5.911771e-09,-2.209302e-07,3.542502e-07,0.000000e+00,0.000000e+00,0.000000e+00,0.000000e+00,0.000000e+00,0.000000e+00,0.000000e+00,347,361
0.000000e+00,1.543087e-07,2.562788e-08,2.387135e-07,0.000000e+00,0.000000e+00,0.000000e+00,0.000000e+00,0.000000e+00,0.000000e+00,0.000000e+00,348,361
0.000000e+00,-2.074265e-07,7.395019e-08,4.911118e-07,0.000000e+00,0.000000e+00,0.000000e+00,0.000000e+00,0.000000e+00,0.000000e+00,0.000000e+00,349,361
0.000000e+00,-6.548781e-10,2.419588e-07,2.759836e-07,0.000000e+00,0.000000e+00,0.000000e+00,0.000000e+00,0.000000e+00,0.000000e+00,0.000000e+00,350,361
0.000000e+00,1.879725e-07,3.012414e-08,5.976729e-07,0.000000e+00,0.000000e+00,0.000000e+00,0.000000e+00,0.000000e+00,0.000000e+00,0.000000e+00,351,361
0.000000e+00,-4.155724e-08,-1.558719e-07,3.306831e-07,0.000000e+00,0.000000e+00,0.000000e+00,0.000000e+00,0.000000e+00,0.000000e+00,0.000000e+00,352,361
0.000000e+00,-9.542413e-08,-6.645416e-08,2.887451e-07,0.000000e+00,0.000000e+00,0.000000e+00,0.000000e+00,0.000000e+00,0.000000e+00,0.000000e+00,353,361
0.000000e+00,-8.979625e-08,-8.625435e-08,2.971740e-07,0.000000e+00,0.000000e+00,0.000000e+00,0.000000e+00,0.000000e+00,0.000000e+00,0.000000e+00,354,361
0.000000e+00,1.090596e-07,-2.870733e-08,5.309546e-07,0.000000e+00,0.000000e+00,0.000000e+00,0.000000e+00,0.000000e+00,0.000000e+00,0.000000e+00,355,361
0.000000e+00,-2.609546e-07,-1.229402e-07,4.165478e-07,0.000000e+00,0.000000e+00,0.000000e+00,0.000000e+00,0.000000e+00,0.000000e+00,0.000000e+00,356,361
0.000000e+00,1.209251e-07,-3.975896e-08,3.702269e-07,0.000000e+00,0.000000e+00,0.000000e+00,0.000000e+00,0.000000e+00,0.000000e+00,0.000000e+00,357,361
0.000000e+00,-7.344655e-08,-9.582872e-08,3.378291e-07,0.000000e+00,0.000000e+00,0.000000e+00,0.000000e+00,0.000000e+00,0.000000e+00,0.000000e+00,358,361
0.000000e+00,2.943218e-08,-1.853550e-07,4.694735e-07,0.000000e+00,0.000000e+00,0.000000e+00,0.000000e+00,0.000000e+00,0.000000e+00,0.000000e+00,359,361
0.000000e+00,-1.201416e-08,-5.535532e-08,2.208118e-07,0.000000e+00,0.000000e+00,0.000000e+00,0.000000e+00,0.000000e+00,0.000000e+00,0.000000e+00,360,361
0.000000e+00,-1.744924e-08,2.021815e-07,2.521173e-07,0.000000e+00,0.000000e+00,0.000000e+00,0.000000e+00,0.000000e+00,0.000000e+00,0.000000e+00,361,361
0.000000e+00,1.191515e-07,-3.766593e-08,1.417635e-07,0.000000e+00,0.000000e+00,0.000000e+00,0.000000e+00,0.000000e+00,0.000000e+00,0.000000e+00,362,361
0.000000e+00,-1.228909e-07,-7.335623e-08,5.430348e-07,0.000000e+00,0.000000e+00,0.000000e+00,0.000000e+00,0.000000e+00,0.000000e+00,0.000000e+00,363,361
0.000000e+00,1.679537e-07,7.266090e-08,4.925581e-07,0.000000e+00,0.000000e+00,0.000000e+00,0.000000e+00,0.000000e+00,0.000000e+00,0.000000e+00,364,361
0.000000e+00,2.709231e-08,-2.621025e-07,3.642833e-07,0.000000e+00,0.000000e+00,0.000000e+00,0.000000e+00,0.000000e+00,0.000000e+00,0.000000e+00,365,361
0.000000e+00,6.999475e-08,-1.157947e-07,2.898124e-07,0.000000e+00,0.000000e+00,0.000000e+00,0.000000e+00,0.000000e+00,0.000000e+00,0.000000e+00,366,361
0.000000e+00,1.850386e-07,-7.911224e-08,3.580825e-07,0.000000e+00,0.000000e+00,0.000000e+00,0.000000e+00,0.000000e+00,0.000000e+00,0.000000e+00,367,361
0.000000e+00,-1.362262e-08,2.279995e-07,5.106425e-07,0.000000e+00,0.000000e+00,0.000000e+00,0.000000e+00,0.000000e+00,0.000000e+00,0.000000e+00,368,361
0.000000e+00,9.399611e-08,1.155582e-07,5.397466e-07,0.000000e+00,0.000000e+00,0.000000e+00,0.000000e+00,0.000000e+00,0.000000e+00,0.000000e+00,369,361
0.000000e+00,8.947624e-08,1.556765e-07,1.765615e-07,0.000000e+00,0.000000e+00,0.000000e+00,0.000000e+00,0.000000e+00,0.000000e+00,0.000000e+00,370,361
0.000000e+00,-9.457869e-08,1.525033e-09,1.420015e-07,0.000000e+00,0.000000e+00,0.000000e+00,0.000000e+00,0.000000e+00,0.000000e+00,0.000000e+00,371,361
0.000000e+00,-1.589132e-07,-3.712017e-08,3.955389e-07,0.000000e+00,0.000000e+00,0.000000e+00,0.000000e+00,0.000000e+00,0.000000e+00,0.000000e+00,372,361
0.000000e+00,-1.377841e-07,-1.716495e-07,2.273928e-07,0.000000e+00,0.000000e+00,0.000000e+00,0.000000e+00,0.000000e+00,0.000000e+00,0.000000e+00,373,361
0.000000e+00,-1.196843e-07,-9.854644e-09,4.949139e-07,0.000000e+00,0.000000e+00,0.000000e+00,0.000000e+00,0.000000e+00,0.000000e+00,0.000000e+00,374,361
0.000000e+00,-1.449269e-07,-2.306704e-07,3.451249e-07,0.000000e+00,0.000000e+00,0.000000e+00,0.000000e+00,0.000000e+00,0.000000e+00,0.000000e+00,375,361
0.000000e+00,-1.536699e-07,3.962148e-08,4.167637e-07,0.000000e+00,0.000000e+00,0.000000e+00,0.000000e+00,0.000000e+00,0.000000e+00,0.000000e+00,376,361
0.000000e+00,1.071669e-07,1.397711e-07,5.913155e-07,0.000000e+00,0.000000e+00,0.000000e+00,0.000000e+00,0.000000e+00,0.000000e+00,0.000000e+00,377,361
0.000000e+00,-4.524604e-08,2.996236e-08,3.896269e-07,0.000000e+00,0.000000e+00,0.000000e+00,0.000000e+00,0.000000e+00,0.000000e+00,0.000000e+00,378,361
0.000000e+00,4.687433e-08,1.702020e-08,4.395932e-07,0.000000e+00,0.000000e+00,0.000000e+00,0.000000e+00,0.000000e+00,0.000000e+00,0.000000e+00,379,361
0.000000e+00,8.860957e-08,-1.082732e-07,3.457433e-07,0.000000e+00,0.000000e+00,0.000000e+00,0.000000e+00,0.000000e+00,0.000000e+00,0.000000e+00,380,361
0.000000e+00,9.556334e-08,3.085201e-08,3.565061e-07,0.000000e+00,0.000000e+00,0.000000e+00,0.000000e+00,0.000000e+00,0.000000e+00,0.000000e+00,381,361
0.000000e+00,1.576594e-07,-7.690674e-08,4.884187e-07,0.000000e+00,0.000000e+00,0.000000e+00,0.000000e+00,0.000000e+00,0.000000e+00,0.000000e+00,382,361
0.000000e+00,-6.664985e-08,-1.704958e-08,1.640259e-07,0.000000e+00,0.000000e+00,0.000000e+00,0.000000e+00,0.000000e+00,0.000000e+00,0.000000e+00,383,361
0.000000e+00,9.805301e-08,-1.540656e-07,2.483599e-07,0.000000e+00,0.000000e+00,0.000000e+00,0.000000e+00,0.000000e+00,0.000000e+00,0.000000e+00,384,361
0.000000e+00,-2.848148e-08,2.401482e-07,3.171529e-07,0.000000e+00,0.000000e+00,0.000000e+00,0.000000e+00,0.000000e+00,0.000000e+00,0.000000e+00,385,361
0.000000e+00,-7.599905e-08,-3.818638e-08,3.566859e-07,0.000000e+00,0.000000e+00,0.000000e+00,0.000000e+00,0.000000e+00,0.000000e+00,0.000000e+00,386,361
0.000000e+00,-4.570185e-08,5.243478e-08,2.336815e-07,0.000000e+00,0.000000e+00,0.000000e+00,0.000000e+00,0.000000e+00,0.000000e+00,0.000000e+00,387,361
0.000000e+00,2.525049e-07,-1.079666e-07,3.547423e-07,0.000000e+00,0.000000e+00,0.000000e+00,0.000000e+00,0.000000e+00,0.000000e+00,0.000000e+00,388,361
0.000000e+00,-2.144418e-07,-1.160487e-07,5.077305e-07,0.000000e+00,0.000000e+00,0.000000e+00,0.000000e+00,0.000000e+00,0.000000e+00,0.000000e+00,389,361
0.000000e+00,1.636319e-07,-5.453404e-08,2.009914e-07,0.000000e+00,0.000000e+00,0.000000e+00,0.000000e+00,0.000000e+00,0.000000e+00,0.000000e+00,390,361
0.000000e+00,-1.535958e-07,-1.623435e-07,2.205599e-07,0.000000e+00,0.000000e+00,0.000000e+00,0.000000e+00,0.000000e+00,0.000000e+00,0.000000e+00,391,361
0.000000e+00,-7.697508e-09,8.236582e-08,2.277297e-07,0.000000e+00,0.000000e+00,0.000000e+00,0.000000e+00,0.000000e+00,0.000000e+00,0.000000e+00,392,361
0.000000e+00,2.557742e-08,8.396024e-08,1.311179e-07,0.000000e+00,0.000000e+00,0.000000e+00,0.000000e+00,0.000000e+00,0.000000e+00,0.000000e+00,393,361
0.000000e+00,1.080750e-07,-5.833170e-08,5.813721e-07,0.000000e+00,0.000000e+00,0.000000e+00,0.000000e+00,0.000000e+00,0.000000e+00,0.000000e+00,394,361
0.000000e+00,-1.505236e-07,1.006683e-07,5.091381e-07,0.000000e+00,0.000000e+00,0.000000e+00,0.000000e+00,0.000000e+00,0.000000e+00,0.000000e+00,395,361
0.000000e+00,8.897317e-09,-1.210143e-08,4.976673e-07,0.000000e+00,0.000000e+00,0.000000e+00,0.000000e+00,0.000000e+00,0.000000e+00,0.000000e+00,396,361
0.000000e+00,-1.291172e-07,2.078189e-08,4.025054e-07,0.000000e+00,0.000000e+00,0.000000e+00,0.000000e+00,0.000000e+00,0.000000e+00,0.000000e+00,397,361
0.000000e+00,-1.658174e-08,4.795017e-08,3.299583e-07,0.000000e+00,0.000000e+00,0.000000e+00,0.000000e+00,0.000000e+00,0.000000e+00,0.000000e+00,398,361
0.000000e+00,1.760564e-07,8.925930e-08,5.880195e-07,0.000000e+00,0.000000e+00,0.000000e+00,0.000000e+00,0.000000e+00,0.000000e+00,0.000000e+00,399,361
0.000000e+00,9.330747e-08,-1.173561e-07,6.081995e-07,0.000000e+00,0.000000e+00,0.000000e+00,0.000000e+00,0.000000e+00,0.000000e+00,0.000000e+00,400,361
0.000000e+00,1.263913e-07,-2.142279e-07,4.420296e-07,0.000000e+00,0.000000e+00,0.000000e+00,0.000000e+00,0.000000e+00,0.000000e+00,0.000000e+00,401,361
0.000000e+00,-1.897078e-07,-7.825670e-08,5.535257e-07,0.000000e+00,0.000000e+00,0.000000e+00,0.000000e+00,0.000000e+00,0.000000e+00,0.000000e+00,402,361
0.000000e+00,-1.622371e-07,-8.393156e-08,1.942856e-07,0.000000e+00,0.000000e+00,0.000000e+00,0.000000e+00,0.000000e+00,0.000000e+00,0.000000e+00,403,361
0.000000e+00,6.780245e-08,6.596936e-08,3.072188e-07,0.000000e+00,0.000000e+00,0.000000e+00,0.000000e+00,0.000000e+00,0.000000e+00,0.000000e+00,404,361
0.000000e+00,1.751866e-07,5.467468e-08,5.699218e-07,0.000000e+00,0.000000e+00,0.000000e+00,0.000000e+00,0.000000e+00,0.000000e+00,0.000000e+00,405,361
0.000000e+00,-1.012165e-07,-9.978791e-08,5.426840e-07,0.000000e+00,0.000000e+00,0.000000e+00,0.000000e+00,0.000000e+00,0.000000e+00,0.000000e+00,406,361
0.000000e+00,1.825840e-07,1.363129e-07,5.319824e-07,0.000000e+00,0.000000e+00,0.000000e+00,0.000000e+00,0.000000e+00,0.000000e+00,0.000000e+00,407,361
0.000000e+00,-5.779607e-08,9.227789e-08,1.920352e-07,0.000000e+00,0.000000e+00,0.000000e+00,0.000000e+00,0.000000e+00,0.000000e+00,0.000000e+00,408,361
0.000000e+00,1.069728e-07,-1.265871e-07,3.893866e-07,0.000000e+00,0.000000e+00,0.000000e+00,0.000000e+00,0.000000e+00,0.000000e+00,0.000000e+00,409,361
0.000000e+00,-8.165909e-08,-1.462298e-07,3.273218e-07,0.000000e+00,0.000000e+00,0.000000e+00,0.000000e+00,0.000000e+00,0.000000e+00,0.000000e+00,410,361
0.000000e+00,-4.059843e-08,-1.245843e-07,4.740886e-07,0.000000e+00,0.000000e+00,0.000000e+00,0.000000e+00,0.000000e+00,0.000000e+00,0.000000e+00,411,361
0.000000e+00,-9.113391e-08,7.333394e-08,5.707403e-07,0.000000e+00,0.000000e+00,0.000000e+00,0.000000e+00,0.000000e+00,0.000000e+00,0.000000e+00,412,361
0.000000e+00,-1.597319e-07,3.151400e-08,4.237680e-07,0.000000e+00,0.000000e+00,0.000000e+00,0.000000e+00,0.000000e+00,0.000000e+00,0.000000e+00,413,361
0.000000e+00,2.077265e-07,-1.230070e-07,3.815069e-07,0.000000e+00,0.000000e+00,0.000000e+00,0.000000e+00,0.000000e+00,0.000000e+00,0.000000e+00,414,361
0.000000e+00,9.474826e-08,-2.140810e-07,4.495994e-07,0.000000e+00,0.000000e+00,0.000000e+00,0.000000e+00,0.000000e+00,0.000000e+00,0.000000e+00,415,361
0.000000e+00,-8.938488e-09,-2.182215e-07,5.302307e-07,0.000000e+00,0.000000e+00,0.000000e+00,0.000000e+00,0.000000e+00,0.000000e+00,0.000000e+00,416,361
0.000000e+00,-2.294470e-07,1.446567e-08,5.262893e-07,0.000000e+00,0.000000e+00,0.000000e+00,0.000000e+00,0.000000e+00,0.000000e+00,0.000000e+00,417,361
0.000000e+00,1.664782e-07,1.344273e-07,4.155787e-07,0.000000e+00,0.000000e+00,0.000000e+00,0.000000e+00,0.000000e+00,0.000000e+00,0.000000e+00,418,361
0.000000e+00,-5.270579e-08,4.731880e-08,4.818865e-07,0.000000e+00,0.000000e+00,0.000000e+00,0.000000e+00,0.000000e+00,0.000000e+00,0.000000e+00,419,361
0.000000e+00,-1.251504e-07,9.938517e-08,1.830312e-07,0.000000e+00,0.000000e+00,0.000000e+00,0.000000e+00,0.000000e+00,0.000000e+00,0.000000e+00,420,361
0.000000e+00,1.643895e-07,1.212531e-07,3.925214e-07,0.000000e+00,0.000000e+00,0.000000e+00,0.000000e+00,0.000000e+00,0.000000e+00,0.000000e+00,421,361
0.000000e+00,-1.048195e-07,-1.556176e-07,3.974502e-07,0.000000e+00,0.000000e+00,0.000000e+00,0.000000e+00,0.000000e+00,0.000000e+00,0.000000e+00,422,361
0.000000e+00,1.040251e-07,-1.200806e-07,3.407708e-07,0.000000e+00,0.000000e+00,0.000000e+00,0.000000e+00,0.000000e+00,0.000000e+00,0.000000e+00,423,361
0.000000e+00,1.663038e-07,-7.020703e-08,4.043561e-07,0.000000e+00,0.000000e+00,0.000000e+00,0.000000e+00,0.000000e+00,0.000000e+00,0.000000e+00,424,361
0.000000e+00,2.702677e-07,2.085107e-08,3.219340e-07,0.000000e+00,0.000000e+00,0.000000e+00,0.000000e+00,0.000000e+00,0.000000e+00,0.000000e+00,425,361
0.000000e+00,-1.225938e-07,-6.059350e-08,1.791018e-07,0.000000e+00,0.000000e+00,0.000000e+00,0.000000e+00,0.000000e+00,0.000000e+00,0.000000e+00,426,361
0.000000e+00,2.354112e-08,1.063213e-07,6.013842e-07,0.000000e+00,0.000000e+00,0.000000e+00,0.000000e+00,0.000000e+00,0.000000e+00,0.000000e+00,427,361
0.000000e+00,-2.020246e-07,-6.775456e-08,5.858394e-07,0.000000e+00,0.000000e+00,0.000000e+00,0.000000e+00,0.000000e+00,0.000000e+00,0.000000e+00,428,361
0.000000e+00,-1.041597e-08,1.381161e-07,3.848058e-07,0.000000e+00,0.000000e+00,0.000000e+00,0.000000e+00,0.000000e+00,0.000000e+00,0.000000e+00,429,361
0.000000e+00,1.709184e-07,5.872318e-09,4.351857e-07,0.000000e+00,0.000000e+00,0.000000e+00,0.000000e+00,0.000000e+00,0.000000e+00,0.000000e+00,430,361
0.000000e+00,4.697668e-08,-5.310105e-08,4.453660e-07,0.000000e+00,0.000000e+00,0.000000e+00,0.000000e+00,0.000000e+00,0.000000e+00,0.000000e+00,431,361
0.000000e+00,-7.367408e-08,-1.330340e-07,5.006318e-07,0.000000e+00,0.000000e+00,0.000000e+00,0.000000e+00,0.000000e+00,0.000000e+00,0.000000e+00,432,361
0.000000e+00,-7.820727e-08,5.252513e-09,3.241286e-07,0.000000e+00,0.000000e+00,0.000000e+00,0.000000e+00,0.000000e+00,0.000000e+00,0.000000e+00,433,361
0.000000e+00,-2.581221e-07,6.737657e-08,5.163150e-07,0.000000e+00,0.000000e+00,0.000000e+00,0.000000e+00,0.000000e+00,0.000000e+00,0.000000e+00,434,361
0.000000e+00,2.810037e-08,-9.495036e-08,1.500961e-07,0.000000e+00,0.000000e+00,0.000000e+00,0.000000e+00,0.000000e+00,0.000000e+00,0.000000e+00,435,361
0.000000e+00,-4.803035e-08,5.078601e-08,3.848825e-07,0.000000e+00,0.000000e+00,0.000000e+00,0.000000e+00,0.000000e+00,0.000000e+00,0.000000e+00,436,361
0.000000e+00,-1.528133e-07,-1.302737e-07,4.915621e-07,0.000000e+00,0.000000e+00,0.000000e+00,0.000000e+00,0.000000e+00,0.000000e+00,0.000000e+00,437,361
0.000000e+00,-2.037403e-07,1.629156e-07,3.676827e-07,0.000000e+00,0.000000e+00,0.000000e+00,0.000000e+00,0.000000e+00,0.000000e+00,0.000000e+00,438,361
0.000000e+00,1.862192e-08,-6.639407e-08,5.136224e-07,0.000000e+00,0.000000e+00,0.000000e+00,0.000000e+00,0.000000e+00,0.000000e+00,0.000000e+00,439,361
0.000000e+00,1.981581e-07,-5.556563e-08,3.743273e-07,0.000000e+00,0.000000e+00,0.000000e+00,0.000000e+00,0.000000e+00,0.000000e+00,0.000000e+00,440,361
0.000000e+00,2.779776e-08,-8.295633e-08,5.845925e-07,0.000000e+00,0.000000e+00,0.000000e+00,0.000000e+00,0.000000e+00,0.000000e+00,0.000000e+00,441,361
0.000000e+00,-8.032524e-08,-6.171158e-08,2.662561e-07,0.000000e+00,0.000000e+00,0.000000e+00,0.000000e+00,0.000000e+00,0.000000e+00,0.000000e+00,442,361
0.000000e+00,-2.296998e-07,1.946155e-08,4.016719e-07,0.000000e+00,0.000000e+00,0.000000e+00,0.000000e+00,0.000000e+00,0.000000e+00,0.000000e+00,443,361
0.000000e+00,3.076492e-08,-2.351370e-07,3.691425e-07,0.000000e+00,0.000000e+00,0.000000e+00,0.000000e+00,0.000000e+00,0.000000e+00,0.000000e+00,444,361
0.000000e+00,2.217596e-07,8.430092e-08,2.246869e-07,0.000000e+00,0.000000e+00,0.000000e+00,0.000000e+00,0.000000e+00,0.000000e+00,0.000000e+00,445,361
0.000000e+00,-1.869579e-08,5.060273e-08,6.537892e-07,0.000000e+00,0.000000e+00,0.000000e+00,0.000000e+00,0.000000e+00,0.000000e+00,0.000000e+00,446,361
0.000000e+00,-4.170308e-08,-5.347422e-08,6.356632e-07,0.000000e+00,0.000000e+00,0.000000e+00,0.000000e+00,0.000000e+00,0.000000e+00,0.000000e+00,447,361
0.000000e+00,-1.503246e-07,1.577881e-07,2.954174e-07,0.000000e+00,0.000000e+00,0.000000e+00,0.000000e+00,0.000000e+00,0.000000e+00,0.000000e+00,448,361
0.000000e+00,-3.953681e-08,1.988720e-07,3.118740e-07,0.000000e+00,0.000000e+00,0.000000e+00,0.000000e+00,0.000000e+00,0.000000e+00,0.000000e+00,449,361
0.000000e+00,1.334580e-07,1.342478e-07,3.919564e-07,0.000000e+00,0.000000e+00,0.000000e+00,0.000000e+00,0.000000e+00,0.000000e+00,0.000000e+00,450,361
0.000000e+00,1.043157e-08,-2.000859e-07,3.132919e-07,0.000000e+00,0.000000e+00,0.000000e+00,0.000000e+00,0.000000e+00,0.000000e+00,0.000000e+00,451,361
0.000000e+00,-2.364475e-07,7.456683e-08,3.748307e-07,0.000000e+00,0.000000e+00,0.000000e+00,0.000000e+00,0.000000e+00,0.000000e+00,0.000000e+00,452,361
0.000000e+00,-1.940050e-07,4.455700e-08,4.340665e-07,0.000000e+00,0.000000e+00,0.000000e+00,0.000000e+00,0.000000e+00,0.000000e+00,0.000000e+00,453,361
0.000000e+00,-1.427060e-07,-1.873789e-08,4.713169e-07,0.000000e+00,0.000000e+00,0.000000e+00,0.000000e+00,0.000000e+00,0.000000e+00,0.000000e+00,454,361
0.000000e+00,-2.917379e-07,2.098475e-08,4.155378e-07,0.000000e+00,0.000000e+00,0.000000e+00,0.000000e+00,0.000000e+00,0.000000e+00,0.000000e+00,455,361
0.000000e+00,1.485172e-07,1.962138e-07,5.570317e-07,0.000000e+00,0.000000e+00,0.000000e+00,0.000000e+00,0.000000e+00,0.000000e+00,0.000000e+00,456,361
0.000000e+00,-4.301202e-08,1.963277e-07,5.399441e-07,0.000000e+00,0.000000e+00,0.000000e+00,0.000000e+00,0.000000e+00,0.000000e+00,0.000000e+00,457,361
0.000000e+00,1.215474e-07,1.708676e-07,3.342336e-07,0.000000e+00,0.000000e+00,0.000000e+00,0.000000e+00,0.000000e+00,0.000000e+00,0.000000e+00,458,361
0.000000e+00,-2.394216e-07,-1.036050e-07,4.639456e-07,0.000000e+00,0.000000e+00,0.000000e+00,0.000000e+00,0.000000e+00,0.000000e+00,0.000000e+00,459,361
0.000000e+00,-7.020223e-10,4.497268e-08,3.612175e-07,0.000000e+00,0.000000e+00,0.000000e+00,0.000000e+00,0.000000e+00,0.000000e+00,0.000000e+00,460,361
0.000000e+00,1.929603e-08,-7.170152e-08,6.000125e-07,0.000000e+00,0.000000e+00,0.000000e+00,0.000000e+00,0.000000e+00,0.000000e+00,0.000000e+00,461,361
0.000000e+00,4.337656e-09,6.564330e-08,6.031871e-07,0.000000e+00,0.000000e+00,0.000000e+00,0.000000e+00,0.000000e+00,0.000000e+00,0.000000e+00,462,361
0.000000e+00,-9.962432e-08,1.517542e-07,3.647997e-07,0.000000e+00,0.000000e+00,0.000000e+00,0.000000e+00,0.000000e+00,0.000000e+00,0.000000e+00,463,361
0.000000e+00,-1.277917e-07,-2.436644e-08,2.477682e-07,0.000000e+00,0.000000e+00,0.000000e+00,0.000000e+00,0.000000e+00,0.000000e+00,0.000000e+00,464,361
0.000000e+00,-2.376356e-08,1.546119e-07,3.804474e-07,0.000000e+00,0.000000e+00,0.000000e+00,0.000000e+00,0.000000e+00,0.000000e+00,0.000000e+00,465,361
0.000000e+00,-2.179810e-07,-1.216248e-08,2.790909e-07,0.000000e+00,0.000000e+00,0.000000e+00,0.000000e+00,0.000000e+00,0.000000e+00,0.000000e+00,466,361
0.000000e+00,6.902159e-08,-1.613010e-07,4.972437e-07,0.000000e+00,0.000000e+00,0.000000e+00,0.000000e+00,0.000000e+00,0.000000e+00,0.000000e+00,467,361
0.000000e+00,-2.310557e-07,1.110842e-07,2.629986e-07,0.000000e+00,0.000000e+00,0.000000e+00,0.000000e+00,0.000000e+00,0.000000e+00,0.000000e+00,468,361
0.000000e+00,2.295334e-08,1.995314e-08,6.586506e-07,0.000000e+00,0.000000e+00,0.000000e+00,0.000000e+00,0.000000e+00,0.000000e+00,0.000000e+00,469,361
0.000000e+00,-1.152141e-08,1.194462e-08,2.481354e-07,0.000000e+00,0.000000e+00,0.000000e+00,0.000000e+00,0.000000e+00,0.000000e+00,0.000000e+00,470,361
0.000000e+00,-2.332928e-07,7.891933e-08,2.563995e-07,0.000000e+00,0.000000e+00,0.000000e+00,0.000000e+00,0.000000e+00,0.000000e+00,0.000000e+00,471,361
0.000000e+00,-1.098893e-07,5.651429e-08,5.715975e-07,0.000000e+00,0.000000e+00,0.000000e+00,0.000000e+00,0.000000e+00,0.000000e+00,0.000000e+00,472,361
0.000000e+00,1.769121e-08,-8.780658e-08,5.354800e-07,0.000000e+00,0.000000e+00,0.000000e+00,0.000000e+00,0.000000e+00,0.000000e+00,0.000000e+00,473,361
0.000000e+00,1.091998e-07,-1.764415e-07,2.620086e-07,0.000000e+00,0.000000e+00,0.000000e+00,0.000000e+00,0.000000e+00,0.000000e+00,0.000000e+00,474,361
0.000000e+00,8.128106e-08,2.119021e-07,2.097104e-07,0.000000e+00,0.000000e+00,0.000000e+00,0.000000e+00,0.000000e+00,0.000000e+00,0.000000e+00,475,361
0.000000e+00,2.425799e-07,-3.778532e-08,5.457789e-07,0.000000e+00,0.000000e+00,0.000000e+00,0.000000e+00,0.000000e+00,0.000000e+00,0.000000e+00,476,361
0.000000e+00,5.081228e-08,1.181434e-07,5.013080e-07,0.000000e+00,0.000000e+00,0.000000e+00,0.000000e+00,0.000000e+00,0.000000e+00,0.000000e+00,477,361
0.000000e+00,2.172584e-07,-1.856927e-08,4.647785e-07,0.000000e+00,0.000000e+00,0.000000e+00,0.000000e+00,0.000000e+00,0.000000e+00,0.000000e+00,478,361
0.000000e+00,5.062364e-08,-1.922156e-07,3.720068e-07,0.000000e+00,0.000000e+00,0.000000e+00,0.000000e+00,0.000000e+00,0.000000e+00,0.000000e+00,479,361
0.000000e+00,5.563916e-08,2.293617e-07,3.224960e-07,0.000000e+00,0.000000e+00,0.000000e+00,0.000000e+00,0.000000e+00,0.000000e+00,0.000000e+00,480,361
0.000000e+00,1.899747e-07,-2.182403e-07,3.938074e-07,0.000000e+00,0.000000e+00,0.000000e+00,0.000000e+00,0.000000e+00,0.000000e+00,0.000000e+00,481,361
0.000000e+00,-8.754468e-08,1.811824e-07,2.041923e-07,0.000000e+00,0.000000e+00,0.000000e+00,0.000000e+00,0.000000e+00,0.000000e+00,0.000000e+00,482,361
0.000000e+00,2.282751e-07,8.725813e-09,5.678890e-07,0.000000e+00,0.000000e+00,0.000000e+00,0.000000e+00,0.000000e+00,0.000000e+00,0.000000e+00,483,361
0.000000e+00,2.468052e-08,-7.337848e-08,1.844956e-07,0.000000e+00,0.000000e+00,0.000000e+00,0.000000e+00,0.000000e+00,0.000000e+00,0.000000e+00,484,361
0.000000e+00,-1.506016e-07,-1.865603e-07,4.407638e-07,0.000000e+00,0.000000e+00,0.000000e+00,0.000000e+00,0.000000e+00,0.000000e+00,0.000000e+00,485,361
0.000000e+00,1.641550e-07,-1.693356e-07,5.145576e-07,0.000000e+00,0.000000e+00,0.000000e+00,0.000000e+00,0.000000e+00,0.000000e+00,0.000000e+00,486,361
0.000000e+00,-1.269621e-07,-9.339519e-08,2.310421e-07,0.000000e+00,0.000000e+00,0.000000e+00,0.000000e+00,0.000000e+00,0.000000e+00,0.000000e+00,487,361
0.000000e+00,2.771183e-08,-8.836336e-08,4.191356e-07,0.000000e+00,0.000000e+00,0.000000e+00,0.000000e+00,0.000000e+00,0.000000e+00,0.000000e+00,488,361
0.000000e+00,1.843978e-07,-7.629714e-08,4.590270e-07,0.000000e+00,0.000000e+00,0.000000e+00,0.000000e+00,0.000000e+00,0.000000e+00,0.000000e+00,489,361
0.000000e+00,-1.553525e-07,2.243238e-07,3.898061e-07,0.000000e+00,0.000000e+00,0.000000e+00,0.000000e+00,0.000000e+00,0.000000e+00,0.000000e+00,490,361
0.000000e+00,2.138331e-07,1.965921e-08,2.183098e-07,0.000000e+00,0.000000e+00,0.000000e+00,0.000000e+00,0.000000e+00,0.000000e+00,0.000000e+00,491,361
0.000000e+00,-8.839453e-08,7.410857e-08,2.005246e-07,0.000000e+00,0.000000e+00,0.000000e+00,0.000000e+00,0.000000e+00,0.000000e+00,0.000000e+00,492,361
0.000000e+00,8.660755e-08,2.734645e-07,4.474640e-07,0.000000e+00,0.000000e+00,0.000000e+00,0.000000e+00,0.000000e+00,0.000000e+00,0.000000e+00,493,361
0.000000e+00,-6.420051e-09,-1.088332e-07,3.108671e-07,0.000000e+00,0.000000e+00,0.000000e+00,0.000000e+00,0.000000e+00,0.000000e+00,0.000000e+00,494,361
0.000000e+00,-3.198059e-08,1.712908e-07,2.639867e-07,0.000000e+00,0.000000e+00,0.000000e+00,0.000000e+00,0.000000e+00,0.000000e+00,0.000000e+00,495,361
0.000000e+00,-1.151221e-07,-7.071829e-08,1.723810e-07,0.000000e+00,0.000000e+00,0.000000e+00,0.000000e+00,0.000000e+00,0.000000e+00,0.000000e+00,496,361
0.000000e+00,-2.281187e-07,-9.379660e-08,4.677867e-07,0.000000e+00,0.000000e+00,0.000000e+00,0.000000e+00,0.000000e+00,0.000000e+00,0.000000e+00,497,361
0.000000e+00,-2.703169e-07,-6.185996e-08,4.290968e-07,0.000000e+00,0.000000e+00,0.000000e+00,0.000000e+00,0.000000e+00,0.000000e+00,0.000000e+00,498,361
0.000000e+00,4.437521e-08,-1.457938e-08,4.963428e-07,0.000000e+00,0.000000e+00,0.000000e+00,0.000000e+00,0.000000e+00,0.000000e+00,0.000000e+00,499,361
