0.000000e+00,-2.167511e-08,2.189216e-07,2.478134e-07,0.000000e+00,0.000000e+00,0.000000e+00,0.000000e+00,0.000000e+00,0.000000e+00,0.000000e+00,0,202
0.000000e+00,-1.682564e-07,1.916557e-07,5.392769e-07,0.000000e+00,0.000000e+00,0.000000e+00,0.000000e+00,0.000000e+00,0.000000e+00,0.000000e+00,1,202
0.000000e+00,-2.189051e-07,1.367246e-08,4.916945e-07,0.000000e+00,0.000000e+00,0.000000e+00,0.000000e+00,0.000000e+00,0.000000e+00,0.000000e+00,2,202
0.000000e+00,3.859741e-08,4.992076e-08,2.053996e-07,0.000000e+00,0.000000e+00,0.000000e+00,0.000000e+00,0.000000e+00,0.000000e+00,0.000000e+00,3,202
0.000000e+00,1.713705e-07,-7.707044e-09,4.468447e-07,0.000000e+00,0.000000e+00,0.000000e+00,0.000000e+00,0.000000e+00,0.000000e+00,0.000000e+00,4,202
0.000000e+00,1.712146e-07,4.073479e-08,3.202406e-07,0.000000e+00,0.000000e+00,0.000000e+00,0.000000e+00,0.000000e+00,0.000000e+00,0.000000e+00,5,202
0.000000e+00,2.209704e-07,2.302881e-08,2.102243e-07,0.000000e+00,0.000000e+00,0.000000e+00,0.000000e+00,0.000000e+00,0.000000e+00,0.000000e+00,6,202
0.000000e+00,6.881494e-08,1.840672e-07,2.148537e-07,0.000000e+00,0.000000e+00,0.000000e+00,0.000000e+00,0.000000e+00,0.000000e+00,0.000000e+00,7,202
0.000000e+00,-8.786355e-08,1.296752e-07,1.690888e-07,0.000000e+00,0.000000e+00,0.000000e+00,0.000000e+00,0.000000e+00,0.000000e+00,0.000000e+00,8,202
0.000000e+00,2.186225e-07,-5.110459e-08,3.307785e-07,0.000000e+00,0.000000e+00,0.000000e+00,0.000000e+00,0.000000e+00,0.000000e+00,0.000000e+00,9,202
0.000000e+00,-1.845945e-07,-9.073923e-08,6.029163e-07,0.000000e+00,0.000000e+00,0.000000e+00,0.000000e+00,0.000000e+00,0.000000e+00,0.000000e+00,10,202
0.000000e+00,2.370286e-07,-9.504472e-08,2.529694e-07,0.000000e+00,0.000000e+00,0.000000e+00,0.000000e+00,0.000000e+00,0.000000e+00,0.000000e+00,11,202
0.000000e+00,7.428093e-08,-9.938346e-08,5.323448e-07,0.000000e+00,0.000000e+00,0.000000e+00,0.000000e+00,0.000000e+00,0.000000e+00,0.000000e+00,12,202
0.000000e+00,-5.641289e-08,-1.935727e-07,6.109355e-07,0.000000e+00,0.000000e+00,0.000000e+00,0.000000e+00,0.000000e+00,0.000000e+00,0.000000e+00,13,202
0.000000e+00,1.955778e-08,-5.378303e-08,3.780594e-07,0.000000e+00,0.000000e+00,0.000000e+00,0.000000e+00,0.000000e+00,0.000000e+00,0.000000e+00,14,202
0.000000e+00,-4.124511e-08,2.401779e-07,3.632848e-07,0.000000e+00,0.000000e+00,0.000000e+00,0.000000e+00,0.000000e+00,0.000000e+00,0.000000e+00,15,202
0.000000e+00,-2.977784e-08,-2.111408e-07,5.617975e-07,0.000000e+00,0.000000e+00,0.000000e+00,0.000000e+00,0.000000e+00,0.000000e+00,0.000000e+00,16,202
0.000000e+00,-1.010708e-07,5.044085e-08,3.916666e-07,0.000000e+00,0.000000e+00,0.000000e+00,0.000000e+00,0.000000e+00,0.000000e+00,0.000000e+00,17,202
0.000000e+00,-2.397068e-07,4.152062e-08,3.513907e-07,0.000000e+00,0.000000e+00,0.000000e+00,0.000000e+00,0.000000e+00,0.000000e+00,0.000000e+00,18,202
0.000000e+00,1.920992e-07,-1.358159e-07,3.116416e-07,0.000000e+00,0.000000e+00,0.000000e+00,0.000000e+00,0.000000e+00,0.000000e+00,0.000000e+00,19,202
0.000000e+00,-2.264839e-07,-1.039016e-07,4.500664e-07,0.000000e+00,0.000000e+00,0.000000e+00,0.000000e+00,0.000000e+00,0.000000e+00,0.000000e+00,20,202
0.000000e+00,-2.845902e-08,2.106598e-07,5.461381e-07,0.000000e+00,0.000000e+00,0.000000e+00,0.000000e+00,0.000000e+00,0.000000e+00,0.000000e+00,21,202
0.000000e+00,-5.403690e-08,5.688253e-08,6.464967e-07,0.000000e+00,0.000000e+00,0.000000e+00,0.000000e+00,0.000000e+00,0.000000e+00,0.000000e+00,22,202
0.000000e+00,-2.006702e-07,1.243573e-07,5.371694e-07,0.000000e+00,0.000000e+00,0.000000e+00,0.000000e+00,0.000000e+00,0.000000e+00,0.000000e+00,23,202
0.000000e+00,-1.301452e-07,-1.811946e-07,2.968831e-07,0.000000e+00,0.000000e+00,0.000000e+00,0.000000e+00,0.000000e+00,0.000000e+00,0.000000e+00,24,202
0.000000e+00,7.896315e-08,1.118115e-08,2.574169e-07,0.000000e+00,0.000000e+00,0.000000e+00,0.000000e+00,0.000000e+00,0.000000e+00,0.000000e+00,25,202
0.000000e+00,9.819090e-08,1.758422e-08,3.619409e-07,0.000000e+00,0.000000e+00,0.000000e+00,0.000000e+00,0.000000e+00,0.000000e+00,0.000000e+00,26,202
0.000000e+00,-1.426914e-07,-1.565456e-07,4.725104e-07,0.000000e+00,0.000000e+00,0.000000e+00,0.000000e+00,0.000000e+00,0.000000e+00,0.000000e+00,27,202
0.000000e+00,1.446562e-08,-2.303196e-07,5.045976e-07,0.000000e+00,0.000000e+00,0.000000e+00,0.000000e+00,0.000000e+00,0.000000e+00,0.000000e+00,28,202
0.000000e+00,4.146403e-08,1.853365e-09,6.368554e-07,0.000000e+00,0.000000e+00,0.000000e+00,0.000000e+00,0.000000e+00,0.000000e+00,0.000000e+00,29,202
0.000000e+00,-2.836925e-08,-8.459904e-08,4.505478e-07,0.000000e+00,0.000000e+00,0.000000e+00,0.000000e+00,0.000000e+00,0.000000e+00,0.000000e+00,30,202
0.000000e+00,1.980744e-07,1.226043e-07,5.697298e-07,0.000000e+00,0.000000e+00,0.000000e+00,0.000000e+00,0.000000e+00,0.000000e+00,0.000000e+00,31,202
0.000000e+00,3.982264e-08,1.010872e-07,2.657376e-07,0.000000e+00,0.000000e+00,0.000000e+00,0.000000e+00,0.000000e+00,0.000000e+00,0.000000e+00,32,202
0.000000e+00,2.547282e-07,4.801815e-08,5.183390e-07,0.000000e+00,0.000000e+00,0.000000e+00,0.000000e+00,0.000000e+00,0.000000e+00,0.000000e+00,33,202
0.000000e+00,-2.209645e-08,-7.666652e-08,3.908873e-07,0.000000e+00,0.000000e+00,0.000000e+00,0.000000e+00,0.000000e+00,0.000000e+00,0.000000e+00,34,202
0.000000e+00,1.040769e-07,6.474939e-08,4.317522e-07,0.000000e+00,0.000000e+00,0.000000e+00,0.000000e+00,0.000000e+00,0.000000e+00,0.000000e+00,35,202
0.000000e+00,-3.777276e-08,-1.863924e-07,3.017189e-07,0.000000e+00,0.000000e+00,0.000000e+00,0.000000e+00,0.000000e+00,0.000000e+00,0.000000e+00,36,202
0.000000e+00,1.775048e-07,1.242232e-07,2.460986e-07,0.000000e+00,0.000000e+00,0.000000e+00,0.000000e+00,0.000000e+00,0.000000e+00,0.000000e+00,37,202
0.000000e+00,-2.586626e-08,1.336827e-07,3.719702e-07,0.000000e+00,0.000000e+00,0.000000e+00,0.000000e+00,0.000000e+00,0.000000e+00,0.000000e+00,38,202
0.000000e+00,7.811248e-08,1.567931e-07,4.404608e-07,0.000000e+00,0.000000e+00,0.000000e+00,0.000000e+00,0.000000e+00,0.000000e+00,0.000000e+00,39,202
0.000000e+00,1.981170e-07,1.476117e-07,5.127031e-07,0.000000e+00,0.000000e+00,0.000000e+00,0.000000e+00,0.000000e+00,0.000000e+00,0.000000e+00,40,202
0.000000e+00,8.057785e-08,1.116296e-07,1.503244e-07,0.000000e+00,0.000000e+00,0.000000e+00,0.000000e+00,0.000000e+00,0.000000e+00,0.000000e+00,41,202
0.000000e+00,-1.778919e-07,-6.701876e-08,4.981126e-07,0.000000e+00,0.000000e+00,0.000000e+00,0.000000e+00,0.000000e+00,0.000000e+00,0.000000e+00,42,202
0.000000e+00,1.012984e-07,-2.588889e-07,3.674833e-07,0.000000e+00,0.000000e+00,0.000000e+00,0.000000e+00,0.000000e+00,0.000000e+00,0.000000e+00,43,202
0.000000e+00,-7.925211e-08,-1.989692e-07,2.364340e-07,0.000000e+00,0.000000e+00,0.000000e+00,0.000000e+00,0.000000e+00,0.000000e+00,0.000000e+00,44,202
0.000000e+00,7.423533e-08,2.203737e-07,5.059799e-07,0.000000e+00,0.000000e+00,0.000000e+00,0.000000e+00,0.000000e+00,0.000000e+00,0.000000e+00,45,202
0.000000e+00,-6.794012e-08,3.021799e-08,4.675977e-07,0.000000e+00,0.000000e+00,0.000000e+00,0.000000e+00,0.000000e+00,0.000000e+00,0.000000e+00,46,202
0.000000e+00,-1.624600e-07,-1.501360e-07,3.427790e-07,0.000000e+00,0.000000e+00,0.000000e+00,0.000000e+00,0.000000e+00,0.000000e+00,0.000000e+00,47,202
0.000000e+00,1.642743e-07,1.170381e-07,4.269340e-07,0.000000e+00,0.000000e+00,0.000000e+00,0.000000e+00,0.000000e+00,0.000000e+00,0.000000e+00,48,202
0.000000e+00,-7.146547e-08,-1.815131e-07,1.993536e-07,0.000000e+00,0.000000e+00,0.000000e+00,0.000000e+00,0.000000e+00,0.000000e+00,0.000000e+00,49,202
0.000000e+00,1.601919e-07,2.589378e-08,3.446341e-07,0.000000e+00,0.000000e+00,0.000000e+00,0.000000e+00,0.000000e+00,0.000000e+00,0.000000e+00,50,202
0.000000e+00,6.153759e-08,-1.897599e-07,3.804797e-07,0.000000e+00,0.000000e+00,0.000000e+00,0.000000e+00,0.000000e+00,0.000000e+00,0.000000e+00,51,202
0.000000e+00,5.151186e-08,-2.471452e-07,3.120685e-07,0.000000e+00,0.000000e+00,0.000000e+00,0.000000e+00,0.000000e+00,0.000000e+00,0.000000e+00,52,202
0.000000e+00,-9.092627e-08,-1.181978e-07,3.792001e-07,0.000000e+00,0.000000e+00,0.000000e+00,0.000000e+00,0.000000e+00,0.000000e+00,0.000000e+00,53,202
0.000000e+00,1.917029e-09,-6.685221e-08,1.145546e-07,0.000000e+00,0.000000e+00,0.000000e+00,0.000000e+00,0.000000e+00,0.000000e+00,0.000000e+00,54,202
0.000000e+00,7.506268e-08,-1.188123e-07,3.380174e-07,0.000000e+00,0.000000e+00,0.000000e+00,0.000000e+00,0.000000e+00,0.000000e+00,0.000000e+00,55,202
0.000000e+00,7.264825e-08,5.418874e-08,5.865312e-07,0.000000e+00,0.000000e+00,0.000000e+00,0.000000e+00,0.000000e+00,0.000000e+00,0.000000e+00,56,202
0.000000e+00,-1.303080e-07,1.484499e-07,5.473501e-07,0.000000e+00,0.000000e+00,0.000000e+00,0.000000e+00,0.000000e+00,0.000000e+00,0.000000e+00,57,202
0.000000e+00,-4.061581e-09,2.699774e-08,6.484672e-07,0.000000e+00,0.000000e+00,0.000000e+00,0.000000e+00,0.000000e+00,0.000000e+00,0.000000e+00,58,202
0.000000e+00,7.839298e-08,3.009146e-08,1.806782e-07,0.000000e+00,0.000000e+00,0.000000e+00,0.000000e+00,0.000000e+00,0.000000e+00,0.000000e+00,59,202
0.000000e+00,1.465582e-07,-4.545638e-08,1.447485e-07,0.000000e+00,0.000000e+00,0.000000e+00,0.000000e+00,0.000000e+00,0.000000e+00,0.000000e+00,60,202
0.000000e+00,9.703337e-08,-1.267829e-07,6.324372e-07,0.000000e+00,0.000000e+00,0.000000e+00,0.000000e+00,0.000000e+00,0.000000e+00,0.000000e+00,61,202
0.000000e+00,7.781793e-08,2.183918e-07,3.212504e-07,0.000000e+00,0.000000e+00,0.000000e+00,0.000000e+00,0.000000e+00,0.000000e+00,0.000000e+00,62,202
0.000000e+00,2.426823e-07,2.461487e-09,3.339815e-07,0.000000e+00,0.000000e+00,0.000000e+00,0.000000e+00,0.000000e+00,0.000000e+00,0.000000e+00,63,202
0.000000e+00,7.672908e-08,-9.794742e-08,4.453101e-07,0.000000e+00,0.000000e+00,0.000000e+00,0.000000e+00,0.000000e+00,0.000000e+00,0.000000e+00,64,202
0.000000e+00,-1.853632e-08,-9.097080e-08,6.512728e-07,0.000000e+00,0.000000e+00,0.000000e+00,0.000000e+00,0.000000e+00,0.000000e+00,0.000000e+00,65,202
0.000000e+00,1.599569e-07,9.765778e-08,3.520318e-07,0.000000e+00,0.000000e+00,0.000000e+00,0.000000e+00,0.000000e+00,0.000000e+00,0.000000e+00,66,202
0.000000e+00,1.118654e-07,-6.462595e-09,4.481341e-07,0.000000e+00,0.000000e+00,0.000000e+00,0.000000e+00,0.000000e+00,0.000000e+00,0.000000e+00,67,202
0.000000e+00,-2.203121e-07,5.499100e-08,2.215332e-07,0.000000e+00,0.000000e+00,0.000000e+00,0.000000e+00,0.000000e+00,0.000000e+00,0.000000e+00,68,202
0.000000e+00,1.700355e-08,-2.500521e-07,3.987531e-07,0.000000e+00,0.000000e+00,0.000000e+00,0.000000e+00,0.000000e+00,0.000000e+00,0.000000e+00,69,202
0.000000e+00,-5.861829e-08,-1.584292e-09,2.042225e-07,0.000000e+00,0.000000e+00,0.000000e+00,0.000000e+00,0.000000e+00,0.000000e+00,0.000000e+00,70,202
0.000000e+00,-2.525423e-07,-6.636224e-08,3.586526e-07,0.000000e+00,0.000000e+00,0.000000e+00,0.000000e+00,0.000000e+00,0.000000e+00,0.000000e+00,71,202
0.000000e+00,1.139089e-07,4.121613e-08,5.053870e-07,0.000000e+00,0.000000e+00,0.000000e+00,0.000000e+00,0.000000e+00,0.000000e+00,0.000000e+00,72,202
0.000000e+00,1.685757e-07,-2.329623e-07,4.607735e-07,0.000000e+00,0.000000e+00,0.000000e+00,0.000000e+00,0.000000e+00,0.000000e+00,0.000000e+00,73,202
0.000000e+00,-5.348165e-08,-2.435713e-08,5.371152e-07,0.000000e+00,0.000000e+00,0.000000e+00,0.000000e+00,0.000000e+00,0.000000e+00,0.000000e+00,74,202
0.000000e+00,-4.321138e-08,5.707681e-08,6.813333e-07,0.000000e+00,0.000000e+00,0.000000e+00,0.000000e+00,0.000000e+00,0.000000e+00,0.000000e+00,75,202
0.000000e+00,-1.477826e-07,7.038919e-08,5.627958e-07,0.000000e+00,0.000000e+00,0.000000e+00,0.000000e+00,0.000000e+00,0.000000e+00,0.000000e+00,76,202
0.000000e+00,-3.966408e-08,6.858731e-08,6.648766e-07,0.000000e+00,0.000000e+00,0.000000e+00,0.000000e+00,0.000000e+00,0.000000e+00,0.000000e+00,77,202
0.000000e+00,1.454714e-07,-1.292378e-07,5.503046e-07,0.000000e+00,0.000000e+00,0.000000e+00,0.000000e+00,0.000000e+00,0.000000e+00,0.000000e+00,78,202
0.000000e+00,4.361905e-08,1.296002e-08,5.121325e-07,0.000000e+00,0.000000e+00,0.000000e+00,0.000000e+00,0.000000e+00,0.000000e+00,0.000000e+00,79,202
0.000000e+00,1.568583e-07,8.380380e-08,1.938658e-07,0.000000e+00,0.000000e+00,0.000000e+00,0.000000e+00,0.000000e+00,0.000000e+00,0.000000e+00,80,202
0.000000e+00,1.967066e-07,-1.410019e-08,2.044686e-07,0.000000e+00,0.000000e+00,0.000000e+00,0.000000e+00,0.000000e+00,0.000000e+00,0.000000e+00,81,202
0.000000e+00,-5.400350e-09,-8.488699e-08,5.459731e-07,0.000000e+00,0.000000e+00,0.000000e+00,0.000000e+00,0.000000e+00,0.000000e+00,0.000000e+00,82,202
0.000000e+00,-2.558364e-08,2.866048e-07,4.373292e-07,0.000000e+00,0.000000e+00,0.000000e+00,0.000000e+00,0.000000e+00,0.000000e+00,0.000000e+00,83,202
0.000000e+00,-1.797799e-07,-5.933878e-08,1.985562e-07,0.000000e+00,0.000000e+00,0.000000e+00,0.000000e+00,0.000000e+00,0.000000e+00,0.000000e+00,84,202
0.000000e+00,-3.879079e-08,-1.898326e-07,2.411778e-07,0.000000e+00,0.000000e+00,0.000000e+00,0.000000e+00,0.000000e+00,0.000000e+00,0.000000e+00,85,202
0.000000e+00,-1.080925e-07,-8.018387e-08,6.437830e-07,0.000000e+00,0.000000e+00,0.000000e+00,0.000000e+00,0.000000e+00,0.000000e+00,0.000000e+00,86,202
0.000000e+00,-8.588073e-08,-7.992490e-08,2.221442e-07,0.000000e+00,0.000000e+00,0.000000e+00,0.000000e+00,0.000000e+00,0.000000e+00,0.000000e+00,87,202
0.000000e+00,6.968489e-08,-5.508500e-09,1.345702e-07,0.000000e+00,0.000000e+00,0.000000e+00,0.000000e+00,0.000000e+00,0.000000e+00,0.000000e+00,88,202
0.000000e+00,-6.737458e-08,1.699109e-07,5.197517e-07,0.000000e+00,0.000000e+00,0.000000e+00,0.000000e+00,0.000000e+00,0.000000e+00,0.000000e+00,89,202
0.000000e+00,-8.070907e-08,-1.667674e-07,2.872076e-07,0.000000e+00,0.000000e+00,0.000000e+00,0.000000e+00,0.000000e+00,0.000000e+00,0.000000e+00,90,202
0.000000e+00,5.535101e-08,-1.676517e-07,6.236762e-07,0.000000e+00,0.000000e+00,0.000000e+00,0.000000e+00,0.000000e+00,0.000000e+00,0.000000e+00,91,202
0.000000e+00,7.704097e-09,1.713725e-07,4.838581e-07,0.000000e+00,0.000000e+00,0.000000e+00,0.000000e+00,0.000000e+00,0.000000e+00,0.000000e+00,92,202
0.000000e+00,-7.427500e-08,-7.813140e-08,2.449373e-07,0.000000e+00,0.000000e+00,0.000000e+00,0.000000e+00,0.000000e+00,0.000000e+00,0.000000e+00,93,202
0.000000e+00,2.532702e-07,-9.630731e-08,3.284320e-07,0.000000e+00,0.000000e+00,0.000000e+00,0.000000e+00,0.000000e+00,0.000000e+00,0.000000e+00,94,202
0.000000e+00,8.284234e-08,1.496832e-08,4.605081e-07,0.000000e+00,0.000000e+00,0.000000e+00,0.000000e+00,0.000000e+00,0.000000e+00,0.000000e+00,95,202
0.000000e+00,-2.248920e-07,4.658181e-08,5.310644e-07,0.000000e+00,0.000000e+00,0.000000e+00,0.000000e+00,0.000000e+00,0.000000e+00,0.000000e+00,96,202
0.000000e+00,1.284344e-07,-1.264820e-07,4.673088e-07,0.000000e+00,0.000000e+00,0.000000e+00,0.000000e+00,0.000000e+00,0.000000e+00,0.000000e+00,97,202
0.000000e+00,7.704223e-09,-7.301964e-08,6.436741e-07,0.000000e+00,0.000000e+00,0.000000e+00,0.000000e+00,0.000000e+00,0.000000e+00,0.000000e+00,98,202
0.000000e+00,-2.529624e-07,8.282509e-08,4.687711e-07,0.000000e+00,0.000000e+00,0.000000e+00,0.000000e+00,0.000000e+00,0.000000e+00,0.000000e+00,99,202
0.000000e+00,-4.313986e-08,-4.998031e-08,1.741409e-07,0.000000e+00,0.000000e+00,0.000000e+00,0.000000e+00,0.000000e+00,0.000000e+00,0.000000e+00,100,202
0.000000e+00,1.831818e-08,-1.489529e-07,2.259406e-07,0.000000e+00,0.000000e+00,0.000000e+00,0.000000e+00,0.000000e+00,0.000000e+00,0.000000e+00,101,202
0.000000e+00,1.874926e-08,1.516241e-08,2.827518e-07,0.000000e+00,0.000000e+00,0.000000e+00,0.000000e+00,0.000000e+00,0.000000e+00,0.000000e+00,102,202
0.000000e+00,1.177121e-07,9.285557e-08,6.447539e-07,0.000000e+00,0.000000e+00,0.000000e+00,0.000000e+00,0.000000e+00,0.000000e+00,0.000000e+00,103,202
0.000000e+00,2.520670e-08,3.455820e-08,1.577229e-07,0.000000e+00,0.000000e+00,0.000000e+00,0.000000e+00,0.000000e+00,0.000000e+00,0.000000e+00,104,202
0.000000e+00,6.931609e-08,-6.332980e-09,5.874281e-07,0.000000e+00,0.000000e+00,0.000000e+00,0.000000e+00,0.000000e+00,0.000000e+00,0.000000e+00,105,202
0.000000e+00,1.052786e-07,-1.477921e-07,3.197287e-07,0.000000e+00,0.000000e+00,0.000000e+00,0.000000e+00,0.000000e+00,0.000000e+00,0.000000e+00,106,202
0.000000e+00,-2.067447e-07,1.575645e-07,2.578559e-07,0.000000e+00,0.000000e+00,0.000000e+00,0.000000e+00,0.000000e+00,0.000000e+00,0.000000e+00,107,202
0.000000e+00,-6.118148e-08,-2.328900e-07,2.276166e-07,0.000000e+00,0.000000e+00,0.000000e+00,0.000000e+00,0.000000e+00,0.000000e+00,0.000000e+00,108,202
0.000000e+00,1.908337e-07,-2.222751e-07,3.669011e-07,0.000000e+00,0.000000e+00,0.000000e+00,0.000000e+00,0.000000e+00,0.000000e+00,0.000000e+00,109,202
0.000000e+00,-1.944539e-07,4.222356e-08,3.519051e-07,0.000000e+00,0.000000e+00,0.000000e+00,0.000000e+00,0.000000e+00,0.000000e+00,0.000000e+00,110,202
0.000000e+00,-2.432823e-07,-6.706072e-08,3.041806e-07,0.000000e+00,0.000000e+00,0.000000e+00,0.000000e+00,0.000000e+00,0.000000e+00,0.000000e+00,111,202
0.000000e+00,-1.239190e-07,4.410298e-08,1.600606e-07,0.000000e+00,0.000000e+00,0.000000e+00,0.000000e+00,0.000000e+00,0.000000e+00,0.000000e+00,112,202
0.000000e+00,-1.318508e-07,2.266870e-07,3.131655e-07,0.000000e+00,0.000000e+00,0.000000e+00,0.000000e+00,0.000000e+00,0.000000e+00,0.000000e+00,113,202
0.000000e+00,1.354593e-08,9.133688e-08,4.741833e-07,0.000000e+00,0.000000e+00,0.000000e+00,0.000000e+00,0.000000e+00,0.000000e+00,0.000000e+00,114,202
0.000000e+00,1.496846e-07,1.794259e-07,5.706816e-07,0.000000e+00,0.000000e+00,0.000000e+00,0.000000e+00,0.000000e+00,0.000000e+00,0.000000e+00,115,202
0.000000e+00,1.241521e-07,-4.813931e-08,2.145444e-07,0.000000e+00,0.000000e+00,0.000000e+00,0.000000e+00,0.000000e+00,0.000000e+00,0.000000e+00,116,202
0.000000e+00,-1.423063e-07,-1.483220e-08,2.951583e-07,0.000000e+00,0.000000e+00,0.000000e+00,0.000000e+00,0.000000e+00,0.000000e+00,0.000000e+00,117,202
0.000000e+00,-5.308737e-08,2.084727e-07,4.337380e-07,0.000000e+00,0.000000e+00,0.000000e+00,0.000000e+00,0.000000e+00,0.000000e+00,0.000000e+00,118,202
0.000000e+00,1.660054e-07,-4.855902e-08,6.248293e-07,0.000000e+00,0.000000e+00,0.000000e+00,0.000000e+00,0.000000e+00,0.000000e+00,0.000000e+00,119,202
0.000000e+00,4.563475e-09,-1.378364e-08,4.332729e-07,0.000000e+00,0.000000e+00,0.000000e+00,0.000000e+00,0.000000e+00,0.000000e+00,0.000000e+00,120,202
0.000000e+00,1.673339e-07,-4.897436e-08,4.319362e-07,0.000000e+00,0.000000e+00,0.000000e+00,0.000000e+00,0.000000e+00,0.000000e+00,0.000000e+00,121,202
0.000000e+00,1.433914e-07,2.456159e-07,4.725833e-07,0.000000e+00,0.000000e+00,0.000000e+00,0.000000e+00,0.000000e+00,0.000000e+00,0.000000e+00,122,202
0.000000e+00,1.070015e-07,-2.225872e-07,5.167668e-07,0.000000e+00,0.000000e+00,0.000000e+00,0.000000e+00,0.000000e+00,0.000000e+00,0.000000e+00,123,202
0.000000e+00,-2.295875e-07,-9.170828e-09,3.489125e-07,0.000000e+00,0.000000e+00,0.000000e+00,0.000000e+00,0.000000e+00,0.000000e+00,0.000000e+00,124,202
0.000000e+00,-1.165547e-07,-3.732604e-08,5.534265e-07,0.000000e+00,0.000000e+00,0.000000e+00,0.000000e+00,0.000000e+00,0.000000e+00,0.000000e+00,125,202
0.000000e+00,1.162802e-07,-2.789811e-09,3.084708e-07,0.000000e+00,0.000000e+00,0.000000e+00,0.000000e+00,0.000000e+00,0.000000e+00,0.000000e+00,126,202
0.000000e+00,-7.848795e-09,-1.199744e-07,5.006061e-07,0.000000e+00,0.000000e+00,0.000000e+00,0.000000e+00,0.000000e+00,0.000000e+00,0.000000e+00,127,202
0.000000e+00,2.353230e-07,-3.817289e-08,2.668029e-07,0.000000e+00,0.000000e+00,0.000000e+00,0.000000e+00,0.000000e+00,0.000000e+00,0.000000e+00,128,202
0.000000e+00,-1.594583e-07,1.582918e-07,2.984071e-07,0.000000e+00,0.000000e+00,0.000000e+00,0.000000e+00,0.000000e+00,0.000000e+00,0.000000e+00,129,202
0.000000e+00,-1.392060e-07,-1.075215e-07,4.952005e-07,0.000000e+00,0.000000e+00,0.000000e+00,0.000000e+00,0.000000e+00,0.000000e+00,0.000000e+00,130,202
0.000000e+00,1.725001e-07,-2.214451e-07,3.979373e-07,0.000000e+00,0.000000e+00,0.000000e+00,0.000000e+00,0.000000e+00,0.000000e+00,0.000000e+00,131,202
0.000000e+00,1.679383e-07,-2.914090e-08,4.991503e-07,0.000000e+00,0.000000e+00,0.000000e+00,0.000000e+00,0.000000e+00,0.000000e+00,0.000000e+00,132,202
0.000000e+00,1.635255e-07,1.104663e-07,3.905367e-07,0.000000e+00,0.000000e+00,0.000000e+00,0.000000e+00,0.000000e+00,0.000000e+00,0.000000e+00,133,202
0.000000e+00,-1.276987e-07,-6.884375e-08,6.169243e-07,0.000000e+00,0.000000e+00,0.000000e+00,0.000000e+00,0.000000e+00,0.000000e+00,0.000000e+00,134,202
0.000000e+00,1.054567e-07,-2.359844e-07,4.126210e-07,0.000000e+00,0.000000e+00,0.000000e+00,0.000000e+00,0.000000e+00,0.000000e+00,0.000000e+00,135,202
0.000000e+00,-4.758439e-08,-6.331923e-08,2.628860e-07,0.000000e+00,0.000000e+00,0.000000e+00,0.000000e+00,0.000000e+00,0.000000e+00,0.000000e+00,136,202
0.000000e+00,-7.686636e-08,-2.122611e-07,5.169519e-07,0.000000e+00,0.000000e+00,0.000000e+00,0.000000e+00,0.000000e+00,0.000000e+00,0.000000e+00,137,202
0.000000e+00,4.979272e-08,2.683921e-08,4.307289e-07,0.000000e+00,0.000000e+00,0.000000e+00,0.000000e+00,0.000000e+00,0.000000e+00,0.000000e+00,138,202
0.000000e+00,-7.877615e-08,2.656410e-08,5.572123e-07,0.000000e+00,0.000000e+00,0.000000e+00,0.000000e+00,0.000000e+00,0.000000e+00,0.000000e+00,139,202
0.000000e+00,1.145454e-07,3.733183e-08,5.183924e-07,0.000000e+00,0.000000e+00,0.000000e+00,0.000000e+00,0.000000e+00,0.000000e+00,0.000000e+00,140,202
0.000000e+00,8.065938e-08,3.016639e-08,4.534164e-07,0.000000e+00,0.000000e+00,0.000000e+00,0.000000e+00,0.000000e+00,0.000000e+00,0.000000e+00,141,202
0.000000e+00,-1.062661e-09,2.374267e-08,5.982140e-07,0.000000e+00,0.000000e+00,0.000000e+00,0.000000e+00,0.000000e+00,0.000000e+00,0.000000e+00,142,202
0.000000e+00,2.415208e-08,-1.787134e-08,1.053289e-07,0.000000e+00,0.000000e+00,0.000000e+00,0.000000e+00,0.000000e+00,0.000000e+00,0.000000e+00,143,202
0.000000e+00,1.237620e-07,1.324218e-07,5.494088e-07,0.000000e+00,0.000000e+00,0.000000e+00,0.000000e+00,0.000000e+00,0.000000e+00,0.000000e+00,144,202
0.000000e+00,-1.613938e-07,-3.696960e-08,4.782342e-07,0.000000e+00,0.000000e+00,0.000000e+00,0.000000e+00,0.000000e+00,0.000000e+00,0.000000e+00,145,202
0.000000e+00,7.546825e-08,7.830155e-08,4.328446e-07,0.000000e+00,0.000000e+00,0.000000e+00,0.000000e+00,0.000000e+00,0.000000e+00,0.000000e+00,146,202
0.000000e+00,-1.299081e-07,1.636185e-07,2.924609e-07,0.000000e+00,0.000000e+00,0.000000e+00,0.000000e+00,0.000000e+00,0.000000e+00,0.000000e+00,147,202
0.000000e+00,-7.164287e-08,-2.701816e-07,4.281492e-07,0.000000e+00,0.000000e+00,0.000000e+00,0.000000e+00,0.000000e+00,0.000000e+00,0.000000e+00,148,202
0.000000e+00,1.882169e-07,-1.217777e-09,1.964520e-07,0.000000e+00,0.000000e+00,0.000000e+00,0.000000e+00,0.000000e+00,0.000000e+00,0.000000e+00,149,202
0.000000e+00,-2.138022e-08,-2.312900e-07,5.613608e-07,0.000000e+00,0.000000e+00,0.000000e+00,0.000000e+00,0.000000e+00,0.000000e+00,0.000000e+00,150,202
0.000000e+00,-9.052044e-08,-3.086987e-08,3.541021e-07,0.000000e+00,0.000000e+00,0.000000e+00,0.000000e+00,0.000000e+00,0.000000e+00,0.000000e+00,151,202
0.000000e+00,-5.214016e-09,8.951751e-10,2.396840e-07,0.000000e+00,0.000000e+00,0.000000e+00,0.000000e+00,0.000000e+00,0.000000e+00,0.000000e+00,152,202
0.000000e+00,-2.461272e-07,-2.820925e-08,3.555889e-07,0.000000e+00,0.000000e+00,0.000000e+00,0.000000e+00,0.000000e+00,0.000000e+00,0.000000e+00,153,202
0.000000e+00,6.062731e-09,-1.753000e-08,2.686965e-07,0.000000e+00,0.000000e+00,0.000000e+00,0.000000e+00,0.000000e+00,0.000000e+00,0.000000e+00,154,202
0.000000e+00,1.367945e-07,6.740476e-09,3.382454e-07,0.000000e+00,0.000000e+00,0.000000e+00,0.000000e+00,0.000000e+00,0.000000e+00,0.000000e+00,155,202
0.000000e+00,-1.217128e-07,1.148641e-07,6.340979e-07,0.000000e+00,0.000000e+00,0.000000e+00,0.000000e+00,0.000000e+00,0.000000e+00,0.000000e+00,156,202
0.000000e+00,2.300367e-07,4.951012e-09,3.266387e-07,0.000000e+00,0.000000e+00,0.000000e+00,0.000000e+00,0.000000e+00,0.000000e+00,0.000000e+00,157,202
0.000000e+00,-1.162358e-08,1.981140e-07,5.439768e-07,0.000000e+00,0.000000e+00,0.000000e+00,0.000000e+00,0.000000e+00,0.000000e+00,0.000000e+00,158,202
0.000000e+00,2.451381e-07,-4.524325e-08,2.634193e-07,0.000000e+00,0.000000e+00,0.000000e+00,0.000000e+00,0.000000e+00,0.000000e+00,0.000000e+00,159,202
0.000000e+00,-7.183244e-08,-5.408186e-08,3.111716e-07,0.000000e+00,0.000000e+00,0.000000e+00,0.000000e+00,0.000000e+00,0.000000e+00,0.000000e+00,160,202
0.000000e+00,1.959328e-07,9.849217e-08,4.515299e-07,0.000000e+00,0.000000e+00,0.000000e+00,0.000000e+00,0.000000e+00,0.000000e+00,0.000000e+00,161,202
0.000000e+00,4.858129e-08,2.735232e-07,4.433571e-07,0.000000e+00,0.000000e+00,0.000000e+00,0.000000e+00,0.000000e+00,0.000000e+00,0.000000e+00,162,202
0.000000e+00,-3.968211e-09,-1.160556e-07,1.554542e-07,0.000000e+00,0.000000e+00,0.000000e+00,0.000000e+00,0.000000e+00,0.000000e+00,0.000000e+00,163,202
0.000000e+00,-2.844003e-07,4.946884e-08,3.590438e-07,0.000000e+00,0.000000e+00,0.000000e+00,0.000000e+00,0.000000e+00,0.000000e+00,0.000000e+00,164,202
0.000000e+00,6.228780e-08,2.797016e-09,1.127998e-07,0.000000e+00,0.000000e+00,0.000000e+00,0.000000e+00,0.000000e+00,0.000000e+00,0.000000e+00,165,202
0.000000e+00,-6.765976e-08,3.522030e-08,1.398077e-07,0.000000e+00,0.000000e+00,0.000000e+00,0.000000e+00,0.000000e+00,0.000000e+00,0.000000e+00,166,202
0.000000e+00,-6.496999e-08,1.957490e-07,4.599059e-07,0.000000e+00,0.000000e+00,0.000000e+00,0.000000e+00,0.000000e+00,0.000000e+00,0.000000e+00,167,202
0.000000e+00,-1.362503e-07,1.745773e-07,2.956257e-07,0.000000e+00,0.000000e+00,0.000000e+00,0.000000e+00,0.000000e+00,0.000000e+00,0.000000e+00,168,202
0.000000e+00,-6.672889e-08,-1.538107e-07,5.067579e-07,0.000000e+00,0.000000e+00,0.000000e+00,0.000000e+00,0.000000e+00,0.000000e+00,0.000000e+00,169,202
0.000000e+00,9.682713e-08,9.029073e-08,4.651634e-07,0.000000e+00,0.000000e+00,0.000000e+00,0.000000e+00,0.000000e+00,0.000000e+00,0.000000e+00,170,202
0.000000e+00,2.251912e-07,1.695778e-08,5.667457e-07,0.000000e+00,0.000000e+00,0.000000e+00,0.000000e+00,0.000000e+00,0.000000e+00,0.000000e+00,171,202
0.000000e+00,5.890003e-08,-1.341191e-07,3.043049e-07,0.000000e+00,0.000000e+00,0.000000e+00,0.000000e+00,0.000000e+00,0.000000e+00,0.000000e+00,172,202
0.000000e+00,-3.100230e-08,2.549202e-07,5.195500e-07,0.000000e+00,0.000000e+00,0.000000e+00,0.000000e+00,0.000000e+00,0.000000e+00,0.000000e+00,173,202
0.000000e+00,4.003221e-08,-1.473038e-07,2.240139e-07,0.000000e+00,0.000000e+00,0.000000e+00,0.000000e+00,0.000000e+00,0.000000e+00,0.000000e+00,174,202
0.000000e+00,-1.242466e-07,1.541544e-07,2.348893e-07,0.000000e+00,0.000000e+00,0.000000e+00,0.000000e+00,0.000000e+00,0.000000e+00,0.000000e+00,175,202
0.000000e+00,2.640095e-08,1.893961e-07,3.690765e-07,0.000000e+00,0.000000e+00,0.000000e+00,0.000000e+00,0.000000e+00,0.000000e+00,0.000000e+00,176,202
0.000000e+00,-2.301144e-07,1.580402e-07,4.363814e-07,0.000000e+00,0.000000e+00,0.000000e+00,0.000000e+00,0.000000e+00,0.000000e+00,0.000000e+00,177,202
0.000000e+00,7.253755e-08,1.476207e-07,1.761297e-07,0.000000e+00,0.000000e+00,0.000000e+00,0.000000e+00,0.000000e+00,0.000000e+00,0.000000e+00,178,202
0.000000e+00,-8.165485e-08,-9.785528e-08,5.902619e-07,0.000000e+00,0.000000e+00,0.000000e+00,0.000000e+00,0.000000e+00,0.000000e+00,0.000000e+00,179,202
0.000000e+00,2.103080e-09,-2.212074e-09,5.642376e-07,0.000000e+00,0.000000e+00,0.000000e+00,0.000000e+00,0.000000e+00,0.000000e+00,0.000000e+00,180,202
0.000000e+00,2.384799e-07,-7.966979e-08,5.258783e-07,0.000000e+00,0.000000e+00,0.000000e+00,0.000000e+00,0.000000e+00,0.000000e+00,0.000000e+00,181,202
0.000000e+00,-1.240819e-07,5.377496e-08,4.205955e-07,0.000000e+00,0.000000e+00,0.000000e+00,0.000000e+00,0.000000e+00,0.000000e+00,0.000000e+00,182,202
0.000000e+00,1.615289e-07,7.208612e-08,1.665671e-07,0.000000e+00,0.000000e+00,0.000000e+00,0.000000e+00,0.000000e+00,0.000000e+00,0.000000e+00,183,202
0.000000e+00,8.214720e-08,7.100110e-08,3.341073e-07,0.000000e+00,0.000000e+00,0.000000e+00,0.000000e+00,0.000000e+00,0.000000e+00,0.000000e+00,184,202
0.000000e+00,2.583826e-07,3.776214e-08,3.563818e-07,0.000000e+00,0.000000e+00,0.000000e+00,0.000000e+00,0.000000e+00,0.000000e+00,0.000000e+00,185,202
0.000000e+00,8.025987e-08,-5.742441e-08,6.024934e-07,0.000000e+00,0.000000e+00,0.000000e+00,0.000000e+00,0.000000e+00,0.000000e+00,0.000000e+00,186,202
0.000000e+00,2.046505e-08,2.118659e-08,6.647113e-07,0.000000e+00,0.000000e+00,0.000000e+00,0.000000e+00,0.000000e+00,0.000000e+00,0.000000e+00,187,202
0.000000e+00,-5.513014e-08,-2.154252e-08,5.147072e-07,0.000000e+00,0.000000e+00,0.000000e+00,0.000000e+00,0.000000e+00,0.000000e+00,0.000000e+00,188,202
0.000000e+00,-9.089155e-09,1.249516e-07,1.943220e-07,0.000000e+00,0.000000e+00,0.000000e+00,0.000000e+00,0.000000e+00,0.000000e+00,0.000000e+00,189,202
0.000000e+00,-1.161993e-07,-8.873682e-08,4.975899e-07,0.000000e+00,0.000000e+00,0.000000e+00,0.000000e+00,0.000000e+00,0.000000e+00,0.000000e+00,190,202
0.000000e+00,-1.322557e-07,-3.263794e-09,4.529339e-07,0.000000e+00,0.000000e+00,0.000000e+00,0.000000e+00,0.000000e+00,0.000000e+00,0.000000e+00,191,202
0.000000e+00,-9.999859e-08,-7.871163e-08,5.756537e-07,0.000000e+00,0.000000e+00,0.000000e+00,0.000000e+00,0.000000e+00,0.000000e+00,0.000000e+00,192,202
0.000000e+00,-3.847431e-08,1.352263e-07,2.574403e-07,0.000000e+00,0.000000e+00,0.000000e+00,0.000000e+00,0.000000e+00,0.000000e+00,0.000000e+00,193,202
0.000000e+00,2.191782e-07,3.295167e-09,5.223559e-07,0.000000e+00,0.000000e+00,0.000000e+00,0.000000e+00,0.000000e+00,0.000000e+00,0.000000e+00,194,202
0.000000e+00,9.141778e-09,2.711580e-08,2.696874e-07,0.000000e+00,0.000000e+00,0.000000e+00,0.000000e+00,0.000000e+00,0.000000e+00,0.000000e+00,195,202
0.000000e+00,-2.819486e-07,-3.043617e-08,4.046875e-07,0.000000e+00,0.000000e+00,0.000000e+00,0.000000e+00,0.000000e+00,0.000000e+00,0.000000e+00,196,202
0.000000e+00,-3.059592e-08,1.788746e-07,3.321694e-07,0.000000e+00,0.000000e+00,0.000000e+00,0.000000e+00,0.000000e+00,0.000000e+00,0.000000e+00,197,202
0.000000e+00,-1.433078e-07,-1.899410e-08,2.458517e-07,0.000000e+00,0.000000e+00,0.000000e+00,0.000000e+00,0.000000e+00,0.000000e+00,0.000000e+00,198,202
0.000000e+00,-3.241914e-08,2.097985e-07,4.886411e-07,0.000000e+00,0.000000e+00,0.000000e+00,0.000000e+00,0.000000e+00,0.000000e+00,0.000000e+00,199,202
0.000000e+00,1.634338e-08,-2.001596e-07,1.972938e-07,0.000000e+00,0.000000e+00,0.000000e+00,0.000000e+00,0.000000e+00,0.000000e+00,0.000000e+00,200,202
0.000000e+00,7.616748e-08,-1.168742e-08,5.833966e-07,0.000000e+00,0.000000e+00,0.000000e+00,0.000000e+00,0.000000e+00,0.000000e+00,0.000000e+00,201,202
0.000000e+00,1.131513e-08,-1.106630e-07,1.934902e-07,0.000000e+00,0.000000e+00,0.000000e+00,0.000000e+00,0.000000e+00,0.000000e+00,0.000000e+00,202,202
0.000000e+00,1.931867e-07,4.850085e-09,2.681062e-07,0.000000e+00,0.000000e+00,0.000000e+00,0.000000e+00,0.000000e+00,0.000000e+00,0.000000e+00,203,202
0.000000e+00,-1.050396e-07,8.332072e-08,2.690606e-07,0.000000e+00,0.000000e+00,0.000000e+00,0.000000e+00,0.000000e+00,0.000000e+00,0.000000e+00,204,202
0.000000e+00,8.775062e-11,5.663753e-08,5.855948e-07,0.000000e+00,0.000000e+00,0.000000e+00,0.000000e+00,0.000000e+00,0.000000e+00,0.000000e+00,205,202
0.000000e+00,1.359896e-08,2.873404e-07,4.512648e-07,0.000000e+00,0.000000e+00,0.000000e+00,0.000000e+00,0.000000e+00,0.000000e+00,0.000000e+00,206,202
0.000000e+00,-7.325175e-08,-2.648055e-07,4.902756e-07,0.000000e+00,0.000000e+00,0.000000e+00,0.000000e+00,0.000000e+00,0.000000e+00,0.000000e+00,207,202
0.000000e+00,1.837403e-07,-2.120255e-07,3.158517e-07,0.000000e+00,0.000000e+00,0.000000e+00,0.000000e+00,0.000000e+00,0.000000e+00,0.000000e+00,208,202
0.000000e+00,-1.699048e-07,4.353854e-09,4.903891e-07,0.000000e+00,0.000000e+00,0.000000e+00,0.000000e+00,0.000000e+00,0.000000e+00,0.000000e+00,209,202
0.000000e+00,4.076312e-08,-9.800792e-08,5.393373e-07,0.000000e+00,0.000000e+00,0.000000e+00,0.000000e+00,0.000000e+00,0.000000e+00,0.000000e+00,210,202
0.000000e+00,-1.452134e-07,1.967986e-09,4.463749e-07,0.000000e+00,0.000000e+00,0.000000e+00,0.000000e+00,0.000000e+00,0.000000e+00,0.000000e+00,211,202
0.000000e+00,-9.991185e-08,2.145770e-07,2.677696e-07,0.000000e+00,0.000000e+00,0.000000e+00,0.000000e+00,0.000000e+00,0.000000e+00,0.000000e+00,212,202
0.000000e+00,2.323850e-07,-1.726207e-07,3.742530e-07,0.000000e+00,0.000000e+00,0.000000e+00,0.000000e+00,0.000000e+00,0.000000e+00,0.000000e+00,213,202
0.000000e+00,6.310866e-08,-7.833022e-08,1.540004e-07,0.000000e+00,0.000000e+00,0.000000e+00,0.000000e+00,0.000000e+00,0.000000e+00,0.000000e+00,214,202
0.000000e+00,-1.733830e-08,-9.775734e-08,1.297820e-07,0.000000e+00,0.000000e+00,0.000000e+00,0.000000e+00,0.000000e+00,0.000000e+00,0.000000e+00,215,202
0.000000e+00,-2.038192e-07,-8.302243e-08,5.115745e-07,0.000000e+00,0.000000e+00,0.000000e+00,0.000000e+00,0.000000e+00,0.000000e+00,0.000000e+00,216,202
0.000000e+00,1.239907e-07,-1.287907e-07,4.511457e-07,0.000000e+00,0.000000e+00,0.000000e+00,0.000000e+00,0.000000e+00,0.000000e+00,0.000000e+00,217,202
0.000000e+00,2.482254e-07,5.503488e-09,3.818707e-07,0.000000e+00,0.000000e+00,0.000000e+00,0.000000e+00,0.000000e+00,0.000000e+00,0.000000e+00,218,202
0.000000e+00,1.963356e-07,-6.668136e-08,3.919763e-07,0.000000e+00,0.000000e+00,0.000000e+00,0.000000e+00,0.000000e+00,0.000000e+00,0.000000e+00,219,202
0.000000e+00,1.726035e-07,-1.184535e-07,5.324130e-07,0.000000e+00,0.000000e+00,0.000000e+00,0.000000e+00,0.000000e+00,0.000000e+00,0.000000e+00,220,202
0.000000e+00,-3.488217e-08,1.442103e-07,2.666798e-07,0.000000e+00,0.000000e+00,0.000000e+00,0.000000e+00,0.000000e+00,0.000000e+00,0.000000e+00,221,202
0.000000e+00,-6.014964e-08,-2.528015e-07,4.895512e-07,0.000000e+00,0.000000e+00,0.000000e+00,0.000000e+00,0.000000e+00,0.000000e+00,0.000000e+00,222,202
0.000000e+00,1.025096e-07,1.323450e-07,3.781788e-07,0.000000e+00,0.000000e+00,0.000000e+00,0.000000e+00,0.000000e+00,0.000000e+00,0.000000e+00,223,202
0.000000e+00,-2.201904e-07,-8.842540e-09,4.782391e-07,0.000000e+00,0.000000e+00,0.000000e+00,0.000000e+00,0.000000e+00,0.000000e+00,0.000000e+00,224,202
0.000000e+00,1.790641e-07,1.571697e-07,4.555605e-07,0.000000e+00,0.000000e+00,0.000000e+00,0.000000e+00,0.000000e+00,0.000000e+00,0.000000e+00,225,202
0.000000e+00,-2.681244e-07,2.837902e-08,4.307708e-07,0.000000e+00,0.000000e+00,0.000000e+00,0.000000e+00,0.000000e+00,0.000000e+00,0.000000e+00,226,202
0.000000e+00,1.924403e-08,2.143939e-07,5.173524e-07,0.000000e+00,0.000000e+00,0.000000e+00,0.000000e+00,0.000000e+00,0.000000e+00,0.000000e+00,227,202
0.000000e+00,1.205570e-07,-1.221982e-07,1.753685e-07,0.000000e+00,0.000000e+00,0.000000e+00,0.000000e+00,0.000000e+00,0.000000e+00,0.000000e+00,228,202
0.000000e+00,6.957958e-08,-7.817197e-09,5.455899e-07,0.000000e+00,0.000000e+00,0.000000e+00,0.000000e+00,0.000000e+00,0.000000e+00,0.000000e+00,229,202
0.000000e+00,-7.600167e-08,2.473440e-07,4.050380e-07,0.000000e+00,0.000000e+00,0.000000e+00,0.000000e+00,0.000000e+00,0.000000e+00,0.000000e+00,230,202
0.000000e+00,-1.216099e-07,-2.108462e-08,3.320849e-07,0.000000e+00,0.000000e+00,0.000000e+00,0.000000e+00,0.000000e+00,0.000000e+00,0.000000e+00,231,202
0.000000e+00,-1.076867e-07,-1.231208e-07,2.688631e-07,0.000000e+00,0.000000e+00,0.000000e+00,0.000000e+00,0.000000e+00,0.000000e+00,0.000000e+00,232,202
0.000000e+00,2.179098e-07,-1.171190e-07,4.347018e-07,0.000000e+00,0.000000e+00,0.000000e+00,0.000000e+00,0.000000e+00,0.000000e+00,0.000000e+00,233,202
0.000000e+00,-1.609250e-07,-1.964797e-08,2.303513e-07,0.000000e+00,0.000000e+00,0.000000e+00,0.000000e+00,0.000000e+00,0.000000e+00,0.000000e+00,234,202
0.000000e+00,1.555087e-08,-1.336871e-07,6.147713e-07,0.000000e+00,0.000000e+00,0.000000e+00,0.000000e+00,0.000000e+00,0.000000e+00,0.000000e+00,235,202
0.000000e+00,-2.057643e-07,-1.032722e-07,4.965100e-07,0.000000e+00,0.000000e+00,0.000000e+00,0.000000e+00,0.000000e+00,0.000000e+00,0.000000e+00,236,202
0.000000e+00,4.876650e-08,1.409284e-07,5.906262e-07,0.000000e+00,0.000000e+00,0.000000e+00,0.000000e+00,0.000000e+00,0.000000e+00,0.000000e+00,237,202
0.000000e+00,2.413686e-07,1.258853e-07,3.081098e-07,0.000000e+00,0.000000e+00,0.000000e+00,0.000000e+00,0.000000e+00,0.000000e+00,0.000000e+00,238,202
0.000000e+00,-1.327254e-07,7.781999e-08,5.255902e-07,0.000000e+00,0.000000e+00,0.000000e+00,0.000000e+00,0.000000e+00,0.000000e+00,0.000000e+00,239,202
0.000000e+00,4.010529e-08,-6.789419e-08,5.018468e-07,0.000000e+00,0.000000e+00,0.000000e+00,0.000000e+00,0.000000e+00,0.000000e+00,0.000000e+00,240,202
0.000000e+00,8.376240e-08,2.131955e-07,4.382310e-07,0.000000e+00,0.000000e+00,0.000000e+00,0.000000e+00,0.000000e+00,0.000000e+00,0.000000e+00,241,202
0.000000e+00,-1.131433e-07,-1.705174e-07,2.912120e-07,0.000000e+00,0.000000e+00,0.000000e+00,0.000000e+00,0.000000e+00,0.000000e+00,0.000000e+00,242,202
0.000000e+00,-5.448317e-08,-2.496912e-07,3.041307e-07,0.000000e+00,0.000000e+00,0.000000e+00,0.000000e+00,0.000000e+00,0.000000e+00,0.000000e+00,243,202
0.000000e+00,1.390083e-07,1.562005e-07,3.655395e-07,0.000000e+00,0.000000e+00,0.000000e+00,0.000000e+00,0.000000e+00,0.000000e+00,0.000000e+00,244,202
0.000000e+00,-1.978522e-07,9.230778e-08,5.308023e-07,0.000000e+00,0.000000e+00,0.000000e+00,0.000000e+00,0.000000e+00,0.000000e+00,0.000000e+00,245,202
0.000000e+00,-6.420780e-08,-1.691426e-07,2.360349e-07,0.000000e+00,0.000000e+00,0.000000e+00,0.000000e+00,0.000000e+00,0.000000e+00,0.000000e+00,246,202
0.000000e+00,2.671502e-07,-1.769869e-08,5.023939e-07,0.000000e+00,0.000000e+00,0.000000e+00,0.000000e+00,0.000000e+00,0.000000e+00,0.000000e+00,247,202
0.000000e+00,4.954077e-08,-1.905264e-07,3.053485e-07,0.000000e+00,0.000000e+00,0.000000e+00,0.000000e+00,0.000000e+00,0.000000e+00,0.000000e+00,248,202
0.000000e+00,3.365388e-08,-3.570478e-08,5.053185e-07,0.000000e+00,0.000000e+00,0.000000e+00,0.000000e+00,0.000000e+00,0.000000e+00,0.000000e+00,249,202
0.000000e+00,-2.050603e-07,-1.904104e-07,3.395953e-07,0.000000e+00,0.000000e+00,0.000000e+00,0.000000e+00,0.000000e+00,0.000000e+00,0.000000e+00,250,202
0.000000e+00,-1.289717e-07,1.972564e-07,5.556786e-07,0.000000e+00,0.000000e+00,0.000000e+00,0.000000e+00,0.000000e+00,0.000000e+00,0.000000e+00,251,202
0.000000e+00,-1.583783e-07,2.130233e-07,4.080534e-07,0.000000e+00,0.000000e+00,0.000000e+00,0.000000e+00,0.000000e+00,0.000000e+00,0.000000e+00,252,202
0.000000e+00,-2.219670e-08,-4.453154e-08,5.823860e-07,0.000000e+00,0.000000e+00,0.000000e+00,0.000000e+00,0.000000e+00,0.000000e+00,0.000000e+00,253,202
0.000000e+00,-6.379499e-08,-1.305977e-07,5.253205e-07,0.000000e+00,0.000000e+00,0.000000e+00,0.000000e+00,0.000000e+00,0.000000e+00,0.000000e+00,254,202
0.000000e+00,-1.685501e-07,6.841300e-08,5.322285e-07,0.000000e+00,0.000000e+00,0.000000e+00,0.000000e+00,0.000000e+00,0.000000e+00,0.000000e+00,255,202
0.000000e+00,-1.096908e-07,9.309439e-08,2.271445e-07,0.000000e+00,0.000000e+00,0.000000e+00,0.000000e+00,0.000000e+00,0.000000e+00,0.000000e+00,256,202
0.000000e+00,-4.841579e-09,9.344080e-08,2.344316e-07,0.000000e+00,0.000000e+00,0.000000e+00,0.000000e+00,0.000000e+00,0.000000e+00,0.000000e+00,257,202
0.000000e+00,1.977127e-07,-2.010754e-07,4.735998e-07,0.000000e+00,0.000000e+00,0.000000e+00,0.000000e+00,0.000000e+00,0.000000e+00,0.000000e+00,258,202
0.000000e+00,1.169224e-07,9.500154e-08,5.457198e-07,0.000000e+00,0.000000e+00,0.000000e+00,0.000000e+00,0.000000e+00,0.000000e+00,0.000000e+00,259,202
0.000000e+00,1.537156e-07,-2.351363e-07,3.611037e-07,0.000000e+00,0.000000e+00,0.000000e+00,0.000000e+00,0.000000e+00,0.000000e+00,0.000000e+00,260,202
0.000000e+00,-1.473849e-07,1.601249e-08,3.396358e-07,0.000000e+00,0.000000e+00,0.000000e+00,0.000000e+00,0.000000e+00,0.000000e+00,0.000000e+00,261,202
0.000000e+00,-1.140154e-07,1.703984e-07,2.442980e-07,0.000000e+00,0.000000e+00,0.000000e+00,0.000000e+00,0.000000e+00,0.000000e+00,0.000000e+00,262,202
0.000000e+00,2.178539e-07,4.292219e-08,5.477296e-07,0.000000e+00,0.000000e+00,0.000000e+00,0.000000e+00,0.000000e+00,0.000000e+00,0.000000e+00,263,202
0.000000e+00,-4.986089e-08,1.435861e-07,3.214122e-07,0.000000e+00,0.000000e+00,0.000000e+00,0.000000e+00,0.000000e+00,0.000000e+00,0.000000e+00,264,202
0.000000e+00,1.922456e-08,1.606504e-07,1.973115e-07,0.000000e+00,0.000000e+00,0.000000e+00,0.000000e+00,0.000000e+00,0.000000e+00,0.000000e+00,265,202
0.000000e+00,-1.095892e-07,-1.707686e-07,3.454305e-07,0.000000e+00,0.000000e+00,0.000000e+00,0.000000e+00,0.000000e+00,0.000000e+00,0.000000e+00,266,202
0.000000e+00,1.688266e-07,-1.683190e-07,4.290927e-07,0.000000e+00,0.000000e+00,0.000000e+00,0.000000e+00,0.000000e+00,0.000000e+00,0.000000e+00,267,202
0.000000e+00,4.847358e-08,1.314687e-07,5.097933e-07,0.000000e+00,0.000000e+00,0.000000e+00,0.000000e+00,0.000000e+00,0.000000e+00,0.000000e+00,268,202
0.000000e+00,1.611151e-07,1.260530e-07,4.656928e-07,0.000000e+00,0.000000e+00,0.000000e+00,0.000000e+00,0.000000e+00,0.000000e+00,0.000000e+00,269,202
0.000000e+00,-7.840649e-08,-6.386030e-08,5.448388e-07,0.000000e+00,0.000000e+00,0.000000e+00,0.000000e+00,0.000000e+00,0.000000e+00,0.000000e+00,270,202
0.000000e+00,-5.998488e-08,1.497655e-07,1.625394e-07,0.000000e+00,0.000000e+00,0.000000e+00,0.000000e+00,0.000000e+00,0.000000e+00,0.000000e+00,271,202
0.000000e+00,-1.182278e-07,2.671519e-07,3.945376e-07,0.000000e+00,0.000000e+00,0.000000e+00,0.000000e+00,0.000000e+00,0.000000e+00,0.000000e+00,272,202
0.000000e+00,1.989292e-07,1.363429e-07,2.515204e-07,0.000000e+00,0.000000e+00,0.000000e+00,0.000000e+00,0.000000e+00,0.000000e+00,0.000000e+00,273,202
0.000000e+00,-4.594201e-08,2.076558e-08,3.955793e-07,0.000000e+00,0.000000e+00,0.000000e+00,0.000000e+00,0.000000e+00,0.000000e+00,0.000000e+00,274,202
0.000000e+00,-6.232441e-08,1.143094e-07,3.094404e-07,0.000000e+00,0.000000e+00,0.000000e+00,0.000000e+00,0.000000e+00,0.000000e+00,0.000000e+00,275,202
0.000000e+00,1.256795e-07,-6.501085e-08,5.364366e-07,0.000000e+00,0.000000e+00,0.000000e+00,0.000000e+00,0.000000e+00,0.000000e+00,0.000000e+00,276,202
0.000000e+00,2.522410e-08,2.410688e-07,3.378400e-07,0.000000e+00,0.000000e+00,0.000000e+00,0.000000e+00,0.000000e+00,0.000000e+00,0.000000e+00,277,202
0.000000e+00,1.567752e-07,-2.328163e-08,3.484493e-07,0.000000e+00,0.000000e+00,0.000000e+00,0.000000e+00,0.000000e+00,0.000000e+00,0.000000e+00,278,202
0.000000e+00,1.101954e-07,1.808226e-07,3.491495e-07,0.000000e+00,0.000000e+00,0.000000e+00,0.000000e+00,0.000000e+00,0.000000e+00,0.000000e+00,279,202
0.000000e+00,1.749772e-07,-1.241539e-07,5.206165e-07,0.000000e+00,0.000000e+00,0.000000e+00,0.000000e+00,0.000000e+00,0.000000e+00,0.000000e+00,280,202
0.000000e+00,-3.161261e-09,2.341411e-08,4.874823e-07,0.000000e+00,0.000000e+00,0.000000e+00,0.000000e+00,0.000000e+00,0.000000e+00,0.000000e+00,281,202
0.000000e+00,5.222808e-09,-2.681704e-07,3.926222e-07,0.000000e+00,0.000000e+00,0.000000e+00,0.000000e+00,0.000000e+00,0.000000e+00,0.000000e+00,282,202
0.000000e+00,-8.921716e-08,2.170294e-08,3.992871e-07,0.000000e+00,0.000000e+00,0.000000e+00,0.000000e+00,0.000000e+00,0.000000e+00,0.000000e+00,283,202
0.000000e+00,1.833539e-07,1.234859e-07,4.710770e-07,0.000000e+00,0.000000e+00,0.000000e+00,0.000000e+00,0.000000e+00,0.000000e+00,0.000000e+00,284,202
0.000000e+00,-1.064728e-07,1.462541e-07,4.298539e-07,0.000000e+00,0.000000e+00,0.000000e+00,0.000000e+00,0.000000e+00,0.000000e+00,0.000000e+00,285,202
0.000000e+00,6.542525e-08,-7.834651e-08,3.662467e-07,0.000000e+00,0.000000e+00,0.000000e+00,0.000000e+00,0.000000e+00,0.000000e+00,0.000000e+00,286,202
0.000000e+00,5.496741e-08,2.530373e-07,4.884835e-07,0.000000e+00,0.000000e+00,0.000000e+00,0.000000e+00,0.000000e+00,0.000000e+00,0.000000e+00,287,202
0.000000e+00,-1.937686e-07,1.837143e-09,2.024558e-07,0.000000e+00,0.000000e+00,0.000000e+00,0.000000e+00,0.000000e+00,0.000000e+00,0.000000e+00,288,202
0.000000e+00,1.062159e-07,-1.237061e-07,4.694779e-07,0.000000e+00,0.000000e+00,0.000000e+00,0.000000e+00,0.000000e+00,0.000000e+00,0.000000e+00,289,202
0.000000e+00,9.658902e-08,-1.381583e-07,3.525504e-07,0.000000e+00,0.000000e+00,0.000000e+00,0.000000e+00,0.000000e+00,0.000000e+00,0.000000e+00,290,202
0.000000e+00,1.955931e-07,-1.969049e-07,3.302672e-07,0.000000e+00,0.000000e+00,0.000000e+00,0.000000e+00,0.000000e+00,0.000000e+00,0.000000e+00,291,202
0.000000e+00,-2.416105e-07,7.851394e-08,5.443661e-07,0.000000e+00,0.000000e+00,0.000000e+00,0.000000e+00,0.000000e+00,0.000000e+00,0.000000e+00,292,202
0.000000e+00,-2.356067e-08,2.118909e-07,5.215687e-07,0.000000e+00,0.000000e+00,0.000000e+00,0.000000e+00,0.000000e+00,0.000000e+00,0.000000e+00,293,202
0.000000e+00,1.896038e-07,1.288856e-07,3.601882e-07,0.000000e+00,0.000000e+00,0.000000e+00,0.000000e+00,0.000000e+00,0.000000e+00,0.000000e+00,294,202
0.000000e+00,-8.327788e-08,8.096392e-08,6.027033e-07,0.000000e+00,0.000000e+00,0.000000e+00,0.000000e+00,0.000000e+00,0.000000e+00,0.000000e+00,295,202
0.000000e+00,1.258238e-07,3.717715e-08,5.296260e-07,0.000000e+00,0.000000e+00,0.000000e+00,0.000000e+00,0.000000e+00,0.000000e+00,0.000000e+00,296,202
0.000000e+00,1.008111e-07,1.402093e-07,5.196009e-07,0.000000e+00,0.000000e+00,0.000000e+00,0.000000e+00,0.000000e+00,0.000000e+00,0.000000e+00,297,202
0.000000e+00,2.182746e-07,-1.263738e-07,3.028529e-07,0.000000e+00,0.000000e+00,0.000000e+00,0.000000e+00,0.000000e+00,0.000000e+00,0.000000e+00,298,202
0.000000e+00,1.116849e-07,-1.265342e-07,6.332168e-07,0.000000e+00,0.000000e+00,0.000000e+00,0.000000e+00,0.000000e+00,0.000000e+00,0.000000e+00,299,202
