0.000000e+00,1.011251e-07,-1.239314e-07,3.270175e-07,0.000000e+00,0.000000e+00,0.000000e+00,0.000000e+00,0.000000e+00,0.000000e+00,0.000000e+00,0,362
0.000000e+00,-1.164015e-07,-1.761870e-07,2.080018e-07,0.000000e+00,0.000000e+00,0.000000e+00,0.000000e+00,0.000000e+00,0.000000e+00,0.000000e+00,1,362
0.000000e+00,2.499548e-07,5.250204e-08,4.340162e-07,0.000000e+00,0.000000e+00,0.000000e+00,0.000000e+00,0.000000e+00,0.000000e+00,0.000000e+00,2,362
0.000000e+00,2.444088e-07,-1.290888e-07,4.470689e-07,0.000000e+00,0.000000e+00,0.000000e+00,0.000000e+00,0.000000e+00,0.000000e+00,0.000000e+00,3,362
0.000000e+00,-1.397624e-08,1.007446e-07,6.596154e-07,0.000000e+00,0.000000e+00,0.000000e+00,0.000000e+00,0.000000e+00,0.000000e+00,0.000000e+00,4,362
0.000000e+00,-1.100261e-07,2.573087e-08,6.660481e-07,0.000000e+00,0.000000e+00,0.000000e+00,0.000000e+00,0.000000e+00,0.000000e+00,0.000000e+00,5,362
0.000000e+00,1.919079e-07,-9.144629e-08,3.706990e-07,0.000000e+00,0.000000e+00,0.000000e+00,0.000000e+00,0.000000e+00,0.000000e+00,0.000000e+00,6,362
0.000000e+00,5.189093e-08,-5.376172e-08,1.943096e-07,0.000000e+00,0.000000e+00,0.000000e+00,0.000000e+00,0.000000e+00,0.000000e+00,0.000000e+00,7,362
0.000000e+00,-2.205675e-07,1.678063e-07,4.043213e-07,0.000000e+00,0.000000e+00,0.000000e+00,0.000000e+00,0.000000e+00,0.000000e+00,0.000000e+00,8,362
0.000000e+00,-1.252648e-07,1.358382e-07,4.064068e-07,0.000000e+00,0.000000e+00,0.000000e+00,0.000000e+00,0.000000e+00,0.000000e+00,0.000000e+00,9,362
0.000000e+00,1.248853e-07,1.591225e-07,2.722096e-07,0.000000e+00,0.000000e+00,0.000000e+00,0.000000e+00,0.000000e+00,0.000000e+00,0.000000e+00,10,362
0.000000e+00,2.093111e-07,-1.004384e-07,2.400472e-07,0.000000e+00,0.000000e+00,0.000000e+00,0.000000e+00,0.000000e+00,0.000000e+00,0.000000e+00,11,362
0.000000e+00,7.872149e-08,7.330807e-08,3.782296e-07,0.000000e+00,0.000000e+00,0.000000e+00,0.000000e+00,0.000000e+00,0.000000e+00,0.000000e+00,12,362
0.000000e+00,5.902108e-08,8.633292e-08,2.049731e-07,0.000000e+00,0.000000e+00,0.000000e+00,0.000000e+00,0.000000e+00,0.000000e+00,0.000000e+00,13,362
0.000000e+00,1.993609e-07,-4.115123e-08,5.809956e-07,0.000000e+00,0.000000e+00,0.000000e+00,0.000000e+00,0.000000e+00,0.000000e+00,0.000000e+00,14,362
0.000000e+00,1.408850e-07,1.887227e-07,5.662077e-07,0.000000e+00,0.000000e+00,0.000000e+00,0.000000e+00,0.000000e+00,0.000000e+00,0.000000e+00,15,362
0.000000e+00,-3.877809e-08,-3.073034e-08,4.531396e-07,0.000000e+00,0.000000e+00,0.000000e+00,0.000000e+00,0.000000e+00,0.000000e+00,0.000000e+00,16,362
0.000000e+00,-1.359928e-08,-1.636511e-07,2.058287e-07,0.000000e+00,0.000000e+00,0.000000e+00,0.000000e+00,0.000000e+00,0.000000e+00,0.000000e+00,17,362
0.000000e+00,6.203336e-09,-8.708513e-08,4.151818e-07,0.000000e+00,0.000000e+00,0.000000e+00,0.000000e+00,0.000000e+00,0.000000e+00,0.000000e+00,18,362
0.000000e+00,-8.658420e-09,1.055387e-07,2.323162e-07,0.000000e+00,0.000000e+00,0.000000e+00,0.000000e+00,0.000000e+00,0.000000e+00,0.000000e+00,19,362
0.000000e+00,-1.250181e-07,-2.833024e-08,4.956926e-07,0.000000e+00,0.000000e+00,0.000000e+00,0.000000e+00,0.000000e+00,0.000000e+00,0.000000e+00,20,362
0.000000e+00,1.408280e-07,-9.973142e-08,4.263424e-07,0.000000e+00,0.000000e+00,0.000000e+00,0.000000e+00,0.000000e+00,0.000000e+00,0.000000e+00,21,362
0.000000e+00,-6.515912e-08,-1.589171e-07,3.443245e-07,0.000000e+00,0.000000e+00,0.000000e+00,0.000000e+00,0.000000e+00,0.000000e+00,0.000000e+00,22,362
0.000000e+00,6.342117e-08,-1.086978e-07,6.399455e-07,0.000000e+00,0.000000e+00,0.000000e+00,0.000000e+00,0.000000e+00,0.000000e+00,0.000000e+00,23,362
0.000000e+00,6.404221e-08,-2.837766e-08,5.119163e-07,0.000000e+00,0.000000e+00,0.000000e+00,0.000000e+00,0.000000e+00,0.000000e+00,0.000000e+00,24,362
0.000000e+00,4.258540e-08,-2.625900e-07,3.399712e-07,0.000000e+00,0.000000e+00,0.000000e+00,0.000000e+00,0.000000e+00,0.000000e+00,0.000000e+00,25,362
0.000000e+00,-4.121777e-08,7.140102e-08,4.296757e-07,0.000000e+00,0.000000e+00,0.000000e+00,0.000000e+00,0.000000e+00,0.000000e+00,0.000000e+00,26,362
0.000000e+00,-8.916529e-08,2.309085e-07,2.589502e-07,0.000000e+00,0.000000e+00,0.000000e+00,0.000000e+00,0.000000e+00,0.000000e+00,0.000000e+00,27,362
0.000000e+00,-1.413019e-07,6.755902e-08,5.508843e-07,0.000000e+00,0.000000e+00,0.000000e+00,0.000000e+00,0.000000e+00,0.000000e+00,0.000000e+00,28,362
0.000000e+00,1.642221e-07,-1.814994e-07,4.556985e-07,0.000000e+00,0.000000e+00,0.000000e+00,0.000000e+00,0.000000e+00,0.000000e+00,0.000000e+00,29,362
0.000000e+00,8.303885e-08,9.874308e-08,5.651070e-07,0.000000e+00,0.000000e+00,0.000000e+00,0.000000e+00,0.000000e+00,0.000000e+00,0.000000e+00,30,362
0.000000e+00,1.961977e-07,1.018296e-07,3.705189e-07,0.000000e+00,0.000000e+00,0.000000e+00,0.000000e+00,0.000000e+00,0.000000e+00,0.000000e+00,31,362
0.000000e+00,2.211664e-07,-1.965131e-08,4.949744e-07,0.000000e+00,0.000000e+00,0.000000e+00,0.000000e+00,0.000000e+00,0.000000e+00,0.000000e+00,32,362
0.000000e+00,-1.298115e-07,7.855557e-08,2.757012e-07,0.000000e+00,0.000000e+00,0.000000e+00,0.000000e+00,0.000000e+00,0.000000e+00,0.000000e+00,33,362
0.000000e+00,-2.785345e-09,-1.481678e-08,2.659185e-07,0.000000e+00,0.000000e+00,0.000000e+00,0.000000e+00,0.000000e+00,0.000000e+00,0.000000e+00,34,362
0.000000e+00,1.313451e-07,-1.086476e-07,5.136203e-07,0.000000e+00,0.000000e+00,0.000000e+00,0.000000e+00,0.000000e+00,0.000000e+00,0.000000e+00,35,362
0.000000e+00,-1.755089e-07,-1.336006e-07,3.379547e-07,0.000000e+00,0.000000e+00,0.000000e+00,0.000000e+00,0.000000e+00,0.000000e+00,0.000000e+00,36,362
0.000000e+00,3.979645e-08,-2.767288e-07,4.924179e-07,0.000000e+00,0.000000e+00,0.000000e+00,0.000000e+00,0.000000e+00,0.000000e+00,0.000000e+00,37,362
0.000000e+00,-2.849321e-07,-1.628635e-08,4.519642e-07,0.000000e+00,0.000000e+00,0.000000e+00,0.000000e+00,0.000000e+00,0.000000e+00,0.000000e+00,38,362
0.000000e+00,-2.485137e-07,-3.126520e-08,3.611564e-07,0.000000e+00,0.000000e+00,0.000000e+00,0.000000e+00,0.000000e+00,0.000000e+00,0.000000e+00,39,362
0.000000e+00,8.121427e-09,1.682532e-07,4.214841e-07,0.000000e+00,0.000000e+00,0.000000e+00,0.000000e+00,0.000000e+00,0.000000e+00,0.000000e+00,40,362
0.000000e+00,2.607632e-08,-1.741175e-07,3.425005e-07,0.000000e+00,0.000000e+00,0.000000e+00,0.000000e+00,0.000000e+00,0.000000e+00,0.000000e+00,41,362
0.000000e+00,-2.076213e-07,-1.030081e-07,5.038739e-07,0.000000e+00,0.000000e+00,0.000000e+00,0.000000e+00,0.000000e+00,0.000000e+00,0.000000e+00,42,362
0.000000e+00,-5.795068e-08,-1.998238e-08,6.394638e-07,0.000000e+00,0.000000e+00,0.000000e+00,0.000000e+00,0.000000e+00,0.000000e+00,0.000000e+00,43,362
0.000000e+00,-3.826947e-08,1.602886e-07,4.965154e-07,0.000000e+00,0.000000e+00,0.000000e+00,0.000000e+00,0.000000e+00,0.000000e+00,0.000000e+00,44,362
0.000000e+00,5.929096e-09,-1.051991e-07,3.232570e-07,0.000000e+00,0.000000e+00,0.000000e+00,0.000000e+00,0.000000e+00,0.000000e+00,0.000000e+00,45,362
0.000000e+00,-1.618424e-07,1.243148e-07,4.733386e-07,0.000000e+00,0.000000e+00,0.000000e+00,0.000000e+00,0.000000e+00,0.000000e+00,0.000000e+00,46,362
0.000000e+00,6.051010e-08,-2.710254e-07,4.209732e-07,0.000000e+00,0.000000e+00,0.000000e+00,0.000000e+00,0.000000e+00,0.000000e+00,0.000000e+00,47,362
0.000000e+00,-1.852501e-07,1.444865e-07,3.246506e-07,0.000000e+00,0.000000e+00,0.000000e+00,0.000000e+00,0.000000e+00,0.000000e+00,0.000000e+00,48,362
0.000000e+00,-2.216448e-07,1.472406e-07,5.205065e-07,0.000000e+00,0.000000e+00,0.000000e+00,0.000000e+00,0.000000e+00,0.000000e+00,0.000000e+00,49,362
0.000000e+00,1.027481e-07,2.133919e-07,3.402362e-07,0.000000e+00,0.000000e+00,0.000000e+00,0.000000e+00,0.000000e+00,0.000000e+00,0.000000e+00,50,362
0.000000e+00,-4.439347e-08,1.963096e-07,5.919288e-07,0.000000e+00,0.000000e+00,0.000000e+00,0.000000e+00,0.000000e+00,0.000000e+00,0.000000e+00,51,362
0.000000e+00,2.490534e-07,-9.560248e-09,2.468125e-07,0.000000e+00,0.000000e+00,0.000000e+00,0.000000e+00,0.000000e+00,0.000000e+00,0.000000e+00,52,362
0.000000e+00,2.434461e-07,2.129412e-08,3.391921e-07,0.000000e+00,0.000000e+00,0.000000e+00,0.000000e+00,0.000000e+00,0.000000e+00,0.000000e+00,53,362
0.000000e+00,1.845861e-07,1.273028e-07,5.627479e-07,0.000000e+00,0.000000e+00,0.000000e+00,0.000000e+00,0.000000e+00,0.000000e+00,0.000000e+00,54,362
0.000000e+00,-2.230847e-07,-1.810959e-07,4.018546e-07,0.000000e+00,0.000000e+00,0.000000e+00,0.000000e+00,0.000000e+00,0.000000e+00,0.000000e+00,55,362
0.000000e+00,-1.581930e-07,4.729023e-08,3.916381e-07,0.000000e+00,0.000000e+00,0.000000e+00,0.000000e+00,0.000000e+00,0.000000e+00,0.000000e+00,56,362
0.000000e+00,8.625728e-08,-1.830500e-07,4.113869e-07,0.000000e+00,0.000000e+00,0.000000e+00,0.000000e+00,0.000000e+00,0.000000e+00,0.000000e+00,57,362
0.000000e+00,-1.540371e-07,-3.122568e-08,6.153229e-07,0.000000e+00,0.000000e+00,0.000000e+00,0.000000e+00,0.000000e+00,0.000000e+00,0.000000e+00,58,362
0.000000e+00,8.326293e-08,-5.292369e-08,3.992192e-07,0.000000e+00,0.000000e+00,0.000000e+00,0.000000e+00,0.000000e+00,0.000000e+00,0.000000e+00,59,362
0.000000e+00,-9.755308e-10,5.192347e-08,1.764355e-07,0.000000e+00,0.000000e+00,0.000000e+00,0.000000e+00,0.000000e+00,0.000000e+00,0.000000e+00,60,362
0.000000e+00,-2.046265e-07,1.966667e-08,2.499072e-07,0.000000e+00,0.000000e+00,0.000000e+00,0.000000e+00,0.000000e+00,0.000000e+00,0.000000e+00,61,362
0.000000e+00,-1.151396e-07,-1.200069e-07,2.806080e-07,0.000000e+00,0.000000e+00,0.000000e+00,0.000000e+00,0.000000e+00,0.000000e+00,0.000000e+00,62,362
0.000000e+00,-1.063968e-07,9.473672e-08,6.224457e-07,0.000000e+00,0.000000e+00,0.000000e+00,0.000000e+00,0.000000e+00,0.000000e+00,0.000000e+00,63,362
0.000000e+00,-2.573033e-08,-2.677784e-07,4.418567e-07,0.000000e+00,0.000000e+00,0.000000e+00,0.000000e+00,0.000000e+00,0.000000e+00,0.000000e+00,64,362
0.000000e+00,-1.389781e-07,-2.529450e-07,4.295002e-07,0.000000e+00,0.000000e+00,0.000000e+00,0.000000e+00,0.000000e+00,0.000000e+00,0.000000e+00,65,362
0.000000e+00,-1.320416e-08,1.464062e-07,3.400735e-07,0.000000e+00,0.000000e+00,0.000000e+00,0.000000e+00,0.000000e+00,0.000000e+00,0.000000e+00,66,362
0.000000e+00,5.067942e-08,2.262931e-07,4.025272e-07,0.000000e+00,0.000000e+00,0.000000e+00,0.000000e+00,0.000000e+00,0.000000e+00,0.000000e+00,67,362
0.000000e+00,1.832296e-07,-3.749756e-09,4.149297e-07,0.000000e+00,0.000000e+00,0.000000e+00,0.000000e+00,0.000000e+00,0.000000e+00,0.000000e+00,68,362
0.000000e+00,2.240652e-07,-1.872638e-07,3.745199e-07,0.000000e+00,0.000000e+00,0.000000e+00,0.000000e+00,0.000000e+00,0.000000e+00,0.000000e+00,69,362
0.000000e+00,1.087776e-07,1.988557e-07,4.643475e-07,0.000000e+00,0.000000e+00,0.000000e+00,0.000000e+00,0.000000e+00,0.000000e+00,0.000000e+00,70,362
0.000000e+00,-1.751669e-08,-7.610051e-08,6.067483e-07,0.000000e+00,0.000000e+00,0.000000e+00,0.000000e+00,0.000000e+00,0.000000e+00,0.000000e+00,71,362
0.000000e+00,9.728829e-08,-9.043062e-09,1.448062e-07,0.000000e+00,0.000000e+00,0.000000e+00,0.000000e+00,0.000000e+00,0.000000e+00,0.000000e+00,72,362
0.000000e+00,-2.102159e-07,2.098034e-09,5.708925e-07,0.000000e+00,0.000000e+00,0.000000e+00,0.000000e+00,0.000000e+00,0.000000e+00,0.000000e+00,73,362
0.000000e+00,-3.375021e-08,1.743640e-08,5.280236e-07,0.000000e+00,0.000000e+00,0.000000e+00,0.000000e+00,0.000000e+00,0.000000e+00,0.000000e+00,74,362
0.000000e+00,-1.167281e-07,2.108710e-07,3.882055e-07,0.000000e+00,0.000000e+00,0.000000e+00,0.000000e+00,0.000000e+00,0.000000e+00,0.000000e+00,75,362
0.000000e+00,-5.725423e-08,-3.800478e-08,3.484870e-07,0.000000e+00,0.000000e+00,0.000000e+00,0.000000e+00,0.000000e+00,0.000000e+00,0.000000e+00,76,362
0.000000e+00,1.805945e-07,8.080489e-08,2.298738e-07,0.000000e+00,0.000000e+00,0.000000e+00,0.000000e+00,0.000000e+00,0.000000e+00,0.000000e+00,77,362
0.000000e+00,-1.908068e-07,-1.003331e-07,4.098734e-07,0.000000e+00,0.000000e+00,0.000000e+00,0.000000e+00,0.000000e+00,0.000000e+00,0.000000e+00,78,362
0.000000e+00,1.168566e-07,1.367827e-07,3.457190e-07,0.000000e+00,0.000000e+00,0.000000e+00,0.000000e+00,0.000000e+00,0.000000e+00,0.000000e+00,79,362
0.000000e+00,3.747081e-08,-2.877775e-08,6.696800e-07,0.000000e+00,0.000000e+00,0.000000e+00,0.000000e+00,0.000000e+00,0.000000e+00,0.000000e+00,80,362
0.000000e+00,1.518247e-07,4.314627e-08,1.659911e-07,0.000000e+00,0.000000e+00,0.000000e+00,0.000000e+00,0.000000e+00,0.000000e+00,0.000000e+00,81,362
0.000000e+00,-1.807316e-07,-1.381368e-07,2.139530e-07,0.000000e+00,0.000000e+00,0.000000e+00,0.000000e+00,0.000000e+00,0.000000e+00,0.000000e+00,82,362
0.000000e+00,-2.427685e-08,-2.453687e-07,3.694411e-07,0.000000e+00,0.000000e+00,0.000000e+00,0.000000e+00,0.000000e+00,0.000000e+00,0.000000e+00,83,362
0.000000e+00,-1.520681e-07,-2.055374e-08,3.595637e-07,0.000000e+00,0.000000e+00,0.000000e+00,0.000000e+00,0.000000e+00,0.000000e+00,0.000000e+00,84,362
0.000000e+00,-5.722250e-08,2.615865e-07,4.595537e-07,0.000000e+00,0.000000e+00,0.000000e+00,0.000000e+00,0.000000e+00,0.000000e+00,0.000000e+00,85,362
0.000000e+00,-1.103522e-07,5.046950e-08,4.554683e-07,0.000000e+00,0.000000e+00,0.000000e+00,0.000000e+00,0.000000e+00,0.000000e+00,0.000000e+00,86,362
0.000000e+00,-1.068290e-08,-1.962381e-07,5.931821e-07,0.000000e+00,0.000000e+00,0.000000e+00,0.000000e+00,0.000000e+00,0.000000e+00,0.000000e+00,87,362
0.000000e+00,-1.054241e-08,2.869133e-07,3.255219e-07,0.000000e+00,0.000000e+00,0.000000e+00,0.000000e+00,0.000000e+00,0.000000e+00,0.000000e+00,88,362
0.000000e+00,-7.249898e-08,2.717963e-08,1.299274e-07,0.000000e+00,0.000000e+00,0.000000e+00,0.000000e+00,0.000000e+00,0.000000e+00,0.000000e+00,89,362
0.000000e+00,-1.707703e-07,-5.255760e-08,1.924711e-07,0.000000e+00,0.000000e+00,0.000000e+00,0.000000e+00,0.000000e+00,0.000000e+00,0.000000e+00,90,362
0.000000e+00,-7.242963e-08,6.158115e-08,3.563472e-07,0.000000e+00,0.000000e+00,0.000000e+00,0.000000e+00,0.000000e+00,0.000000e+00,0.000000e+00,91,362
0.000000e+00,-1.382500e-07,-2.067234e-07,5.220365e-07,0.000000e+00,0.000000e+00,0.000000e+00,0.000000e+00,0.000000e+00,0.000000e+00,0.000000e+00,92,362
0.000000e+00,2.402409e-07,1.453570e-07,3.295955e-07,0.000000e+00,0.000000e+00,0.000000e+00,0.000000e+00,0.000000e+00,0.000000e+00,0.000000e+00,93,362
0.000000e+00,7.793934e-08,-1.909947e-07,5.205284e-07,0.000000e+00,0.000000e+00,0.000000e+00,0.000000e+00,0.000000e+00,0.000000e+00,0.000000e+00,94,362
0.000000e+00,1.201797e-07,-4.008827e-08,2.598008e-07,0.000000e+00,0.000000e+00,0.000000e+00,0.000000e+00,0.000000e+00,0.000000e+00,0.000000e+00,95,362
0.000000e+00,1.768853e-07,-1.764494e-07,2.883278e-07,0.000000e+00,0.000000e+00,0.000000e+00,0.000000e+00,0.000000e+00,0.000000e+00,0.000000e+00,96,362
0.000000e+00,6.119625e-08,7.158460e-09,5.858784e-07,0.000000e+00,0.000000e+00,0.000000e+00,0.000000e+00,0.000000e+00,0.000000e+00,0.000000e+00,97,362
0.000000e+00,-3.119258e-08,-1.051495e-07,1.361044e-07,0.000000e+00,0.000000e+00,0.000000e+00,0.000000e+00,0.000000e+00,0.000000e+00,0.000000e+00,98,362
0.000000e+00,1.631749e-07,3.859481e-08,3.249195e-07,0.000000e+00,0.000000e+00,0.000000e+00,0.000000e+00,0.000000e+00,0.000000e+00,0.000000e+00,99,362
0.000000e+00,-1.080423e-07,1.433938e-07,2.046250e-07,0.000000e+00,0.000000e+00,0.000000e+00,0.000000e+00,0.000000e+00,0.000000e+00,0.000000e+00,100,362
0.000000e+00,1.148260e-07,7.676650e-09,6.379159e-07,0.000000e+00,0.000000e+00,0.000000e+00,0.000000e+00,0.000000e+00,0.000000e+00,0.000000e+00,101,362
0.000000e+00,1.678617e-07,-1.338476e-07,5.893613e-07,0.000000e+00,0.000000e+00,0.000000e+00,0.000000e+00,0.000000e+00,0.000000e+00,0.000000e+00,102,362
0.000000e+00,-2.391418e-07,5.907279e-08,4.474337e-07,0.000000e+00,0.000000e+00,0.000000e+00,0.000000e+00,0.000000e+00,0.000000e+00,0.000000e+00,103,362
0.000000e+00,-3.282688e-08,-1.429514e-07,4.638410e-07,0.000000e+00,0.000000e+00,0.000000e+00,0.000000e+00,0.000000e+00,0.000000e+00,0.000000e+00,104,362
0.000000e+00,-6.797517e-08,9.785906e-10,2.176641e-07,0.000000e+00,0.000000e+00,0.000000e+00,0.000000e+00,0.000000e+00,0.000000e+00,0.000000e+00,105,362
0.000000e+00,-2.394918e-07,9.246427e-08,3.543667e-07,0.000000e+00,0.000000e+00,0.000000e+00,0.000000e+00,0.000000e+00,0.000000e+00,0.000000e+00,106,362
0.000000e+00,6.301021e-08,2.470820e-07,2.689046e-07,0.000000e+00,0.000000e+00,0.000000e+00,0.000000e+00,0.000000e+00,0.000000e+00,0.000000e+00,107,362
0.000000e+00,-1.595078e-07,-1.270422e-07,5.960217e-07,0.000000e+00,0.000000e+00,0.000000e+00,0.000000e+00,0.000000e+00,0.000000e+00,0.000000e+00,108,362
0.000000e+00,2.431936e-08,1.712846e-07,1.635405e-07,0.000000e+00,0.000000e+00,0.000000e+00,0.000000e+00,0.000000e+00,0.000000e+00,0.000000e+00,109,362
0.000000e+00,-1.428997e-07,-2.091541e-07,3.074388e-07,0.000000e+00,0.000000e+00,0.000000e+00,0.000000e+00,0.000000e+00,0.000000e+00,0.000000e+00,110,362
0.000000e+00,6.300158e-08,1.285703e-07,4.833787e-07,0.000000e+00,0.000000e+00,0.000000e+00,0.000000e+00,0.000000e+00,0.000000e+00,0.000000e+00,111,362
0.000000e+00,-1.703388e-07,1.293095e-07,5.830469e-07,0.000000e+00,0.000000e+00,0.000000e+00,0.000000e+00,0.000000e+00,0.000000e+00,0.000000e+00,112,362
0.000000e+00,-8.375543e-08,1.307928e-07,5.607171e-07,0.000000e+00,0.000000e+00,0.000000e+00,0.000000e+00,0.000000e+00,0.000000e+00,0.000000e+00,113,362
0.000000e+00,6.630068e-08,4.420216e-08,4.876328e-07,0.000000e+00,0.000000e+00,0.000000e+00,0.000000e+00,0.000000e+00,0.000000e+00,0.000000e+00,114,362
0.000000e+00,1.208742e-07,-1.401995e-07,2.006600e-07,0.000000e+00,0.000000e+00,0.000000e+00,0.000000e+00,0.000000e+00,0.000000e+00,0.000000e+00,115,362
0.000000e+00,8.409295e-08,1.630567e-07,2.077404e-07,0.000000e+00,0.000000e+00,0.000000e+00,0.000000e+00,0.000000e+00,0.000000e+00,0.000000e+00,116,362
0.000000e+00,-9.923172e-10,2.447486e-07,5.123000e-07,0.000000e+00,0.000000e+00,0.000000e+00,0.000000e+00,0.000000e+00,0.000000e+00,0.000000e+00,117,362
0.000000e+00,-6.088312e-08,-2.162166e-07,2.534058e-07,0.000000e+00,0.000000e+00,0.000000e+00,0.000000e+00,0.000000e+00,0.000000e+00,0.000000e+00,118,362
0.000000e+00,7.598902e-08,1.684614e-08,2.822398e-07,0.000000e+00,0.000000e+00,0.000000e+00,0.000000e+00,0.000000e+00,0.000000e+00,0.000000e+00,119,362
0.000000e+00,5.674706e-08,-2.077470e-07,2.206878e-07,0.000000e+00,0.000000e+00,0.000000e+00,0.000000e+00,0.000000e+00,0.000000e+00,0.000000e+00,120,362
0.000000e+00,1.249660e-07,5.381839e-08,4.368382e-07,0.000000e+00,0.000000e+00,0.000000e+00,0.000000e+00,0.000000e+00,0.000000e+00,0.000000e+00,121,362
0.000000e+00,8.258186e-08,-8.129777e-08,1.315698e-07,0.000000e+00,0.000000e+00,0.000000e+00,0.000000e+00,0.000000e+00,0.000000e+00,0.000000e+00,122,362
0.000000e+00,-1.346699e-07,-1.577917e-07,4.481645e-07,0.000000e+00,0.000000e+00,0.000000e+00,0.000000e+00,0.000000e+00,0.000000e+00,0.000000e+00,123,362
0.000000e+00,1.311550e-07,-2.415096e-07,3.827079e-07,0.000000e+00,0.000000e+00,0.000000e+00,0.000000e+00,0.000000e+00,0.000000e+00,0.000000e+00,124,362
0.000000e+00,-5.961055e-08,-5.639574e-08,5.257789e-07,0.000000e+00,0.000000e+00,0.000000e+00,0.000000e+00,0.000000e+00,0.000000e+00,0.000000e+00,125,362
0.000000e+00,-2.962437e-08,-2.494776e-07,5.347149e-07,0.000000e+00,0.000000e+00,0.000000e+00,0.000000e+00,0.000000e+00,0.000000e+00,0.000000e+00,126,362
0.000000e+00,-8.253489e-08,-1.695475e-07,5.903543e-07,0.000000e+00,0.000000e+00,0.000000e+00,0.000000e+00,0.000000e+00,0.000000e+00,0.000000e+00,127,362
0.000000e+00,1.950189e-07,1.871834e-07,4.321526e-07,0.000000e+00,0.000000e+00,0.000000e+00,0.000000e+00,0.000000e+00,0.000000e+00,0.000000e+00,128,362
0.000000e+00,1.705282e-07,2.166082e-07,4.382882e-07,0.000000e+00,0.000000e+00,0.000000e+00,0.000000e+00,0.000000e+00,0.000000e+00,0.000000e+00,129,362
0.000000e+00,1.114783e-07,-1.528125e-07,3.219799e-07,0.000000e+00,0.000000e+00,0.000000e+00,0.000000e+00,0.000000e+00,0.000000e+00,0.000000e+00,130,362
0.000000e+00,-6.170087e-08,-1.218712e-07,6.053485e-07,0.000000e+00,0.000000e+00,0.000000e+00,0.000000e+00,0.000000e+00,0.000000e+00,0.000000e+00,131,362
0.000000e+00,2.327140e-07,6.628177e-08,5.240592e-07,0.000000e+00,0.000000e+00,0.000000e+00,0.000000e+00,0.000000e+00,0.000000e+00,0.000000e+00,132,362
0.000000e+00,5.894444e-08,2.289814e-07,4.706000e-07,0.000000e+00,0.000000e+00,0.000000e+00,0.000000e+00,0.000000e+00,0.000000e+00,0.000000e+00,133,362
0.000000e+00,2.742925e-08,6.143605e-08,2.641280e-07,0.000000e+00,0.000000e+00,0.000000e+00,0.000000e+00,0.000000e+00,0.000000e+00,0.000000e+00,134,362
0.000000e+00,2.938047e-08,2.104312e-07,5.983910e-07,0.000000e+00,0.000000e+00,0.000000e+00,0.000000e+00,0.000000e+00,0.000000e+00,0.000000e+00,135,362
0.000000e+00,1.890434e-07,6.448140e-08,5.188738e-07,0.000000e+00,0.000000e+00,0.000000e+00,0.000000e+00,0.000000e+00,0.000000e+00,0.000000e+00,136,362
0.000000e+00,-1.184975e-07,-1.929483e-07,3.846828e-07,0.000000e+00,0.000000e+00,0.000000e+00,0.000000e+00,0.000000e+00,0.000000e+00,0.000000e+00,137,362
0.000000e+00,-8.557434e-08,2.419507e-07,5.413970e-07,0.000000e+00,0.000000e+00,0.000000e+00,0.000000e+00,0.000000e+00,0.000000e+00,0.000000e+00,138,362
0.000000e+00,-1.873235e-07,-1.484594e-08,4.457769e-07,0.000000e+00,0.000000e+00,0.000000e+00,0.000000e+00,0.000000e+00,0.000000e+00,0.000000e+00,139,362
0.000000e+00,-1.721327e-07,1.816717e-07,3.544816e-07,0.000000e+00,0.000000e+00,0.000000e+00,0.000000e+00,0.000000e+00,0.000000e+00,0.000000e+00,140,362
0.000000e+00,-1.128227e-07,-1.357015e-07,2.074218e-07,0.000000e+00,0.000000e+00,0.000000e+00,0.000000e+00,0.000000e+00,0.000000e+00,0.000000e+00,141,362
0.000000e+00,1.118120e-07,-7.851362e-08,1.444626e-07,0.000000e+00,0.000000e+00,0.000000e+00,0.000000e+00,0.000000e+00,0.000000e+00,0.000000e+00,142,362
0.000000e+00,-1.560351e-07,1.392335e-07,3.788998e-07,0.000000e+00,0.000000e+00,0.000000e+00,0.000000e+00,0.000000e+00,0.000000e+00,0.000000e+00,143,362
0.000000e+00,-8.581872e-08,1.559103e-07,4.151042e-07,0.000000e+00,0.000000e+00,0.000000e+00,0.000000e+00,0.000000e+00,0.000000e+00,0.000000e+00,144,362
0.000000e+00,2.817721e-07,8.272173e-08,3.855473e-07,0.000000e+00,0.000000e+00,0.000000e+00,0.000000e+00,0.000000e+00,0.000000e+00,0.000000e+00,145,362
0.000000e+00,1.075684e-07,-8.409614e-08,2.845893e-07,0.000000e+00,0.000000e+00,0.000000e+00,0.000000e+00,0.000000e+00,0.000000e+00,0.000000e+00,146,362
0.000000e+00,-1.133596e-07,4.693292e-09,6.424178e-07,0.000000e+00,0.000000e+00,0.000000e+00,0.000000e+00,0.000000e+00,0.000000e+00,0.000000e+00,147,362
0.000000e+00,2.204504e-07,-1.329738e-07,2.559849e-07,0.000000e+00,0.000000e+00,0.000000e+00,0.000000e+00,0.000000e+00,0.000000e+00,0.000000e+00,148,362
0.000000e+00,1.149089e-07,-1.436584e-07,2.730374e-07,0.000000e+00,0.000000e+00,0.000000e+00,0.000000e+00,0.000000e+00,0.000000e+00,0.000000e+00,149,362
0.000000e+00,-9.656459e-08,-1.354192e-07,2.883980e-07,0.000000e+00,0.000000e+00,0.000000e+00,0.000000e+00,0.000000e+00,0.000000e+00,0.000000e+00,150,362
0.000000e+00,-9.549907e-08,7.092820e-09,1.280761e-07,0.000000e+00,0.000000e+00,0.000000e+00,0.000000e+00,0.000000e+00,0.000000e+00,0.000000e+00,151,362
0.000000e+00,1.581202e-07,4.947451e-08,3.276113e-07,0.000000e+00,0.000000e+00,0.000000e+00,0.000000e+00,0.000000e+00,0.000000e+00,0.000000e+00,152,362
0.000000e+00,8.161522e-08,-1.770141e-09,5.613955e-07,0.000000e+00,0.000000e+00,0.000000e+00,0.000000e+00,0.000000e+00,0.000000e+00,0.000000e+00,153,362
0.000000e+00,1.769225e-07,1.492885e-08,3.884229e-07,0.000000e+00,0.000000e+00,0.000000e+00,0.000000e+00,0.000000e+00,0.000000e+00,0.000000e+00,154,362
0.000000e+00,-2.252882e-07,-9.223649e-08,3.929896e-07,0.000000e+00,0.000000e+00,0.000000e+00,0.000000e+00,0.000000e+00,0.000000e+00,0.000000e+00,155,362
0.000000e+00,8.882559e-08,-5.898785e-08,5.499090e-07,0.000000e+00,0.000000e+00,0.000000e+00,0.000000e+00,0.000000e+00,0.000000e+00,0.000000e+00,156,362
0.000000e+00,1.745463e-07,-1.933612e-07,3.185841e-07,0.000000e+00,0.000000e+00,0.000000e+00,0.000000e+00,0.000000e+00,0.000000e+00,0.000000e+00,157,362
0.000000e+00,-9.056975e-08,-4.964070e-08,5.611198e-07,0.000000e+00,0.000000e+00,0.000000e+00,0.000000e+00,0.000000e+00,0.000000e+00,0.000000e+00,158,362
0.000000e+00,1.827041e-08,-1.163369e-07,5.168148e-07,0.000000e+00,0.000000e+00,0.000000e+00,0.000000e+00,0.000000e+00,0.000000e+00,0.000000e+00,159,362
0.000000e+00,-2.156283e-08,-2.045798e-09,1.800529e-07,0.000000e+00,0.000000e+00,0.000000e+00,0.000000e+00,0.000000e+00,0.000000e+00,0.000000e+00,160,362
0.000000e+00,-2.228625e-07,-6.665154e-08,3.057338e-07,0.000000e+00,0.000000e+00,0.000000e+00,0.000000e+00,0.000000e+00,0.000000e+00,0.000000e+00,161,362
0.000000e+00,-8.613126e-08,1.221376e-08,2.472198e-07,0.000000e+00,0.000000e+00,0.000000e+00,0.000000e+00,0.000000e+00,0.000000e+00,0.000000e+00,162,362
0.000000e+00,-4.921445e-08,-1.513162e-07,4.703605e-07,0.000000e+00,0.000000e+00,0.000000e+00,0.000000e+00,0.000000e+00,0.000000e+00,0.000000e+00,163,362
0.000000e+00,-1.490869e-08,7.817730e-08,2.893597e-07,0.000000e+00,0.000000e+00,0.000000e+00,0.000000e+00,0.000000e+00,0.000000e+00,0.000000e+00,164,362
0.000000e+00,6.301459e-08,-1.727692e-07,4.115076e-07,0.000000e+00,0.000000e+00,0.000000e+00,0.000000e+00,0.000000e+00,0.000000e+00,0.000000e+00,165,362
0.000000e+00,-7.465822e-08,2.180021e-08,3.975153e-07,0.000000e+00,0.000000e+00,0.000000e+00,0.000000e+00,0.000000e+00,0.000000e+00,0.000000e+00,166,362
0.000000e+00,9.864217e-08,1.344181e-07,3.288201e-07,0.000000e+00,0.000000e+00,0.000000e+00,0.000000e+00,0.000000e+00,0.000000e+00,0.000000e+00,167,362
0.000000e+00,-1.891795e-07,1.306690e-07,2.098383e-07,0.000000e+00,0.000000e+00,0.000000e+00,0.000000e+00,0.000000e+00,0.000000e+00,0.000000e+00,168,362
0.000000e+00,1.788084e-07,-7.452007e-08,5.288258e-07,0.000000e+00,0.000000e+00,0.000000e+00,0.000000e+00,0.000000e+00,0.000000e+00,0.000000e+00,169,362
0.000000e+00,1.666021e-07,2.071520e-07,4.616741e-07,0.000000e+00,0.000000e+00,0.000000e+00,0.000000e+00,0.000000e+00,0.000000e+00,0.000000e+00,170,362
0.000000e+00,3.456292e-08,-4.006675e-08,1.471705e-07,0.000000e+00,0.000000e+00,0.000000e+00,0.000000e+00,0.000000e+00,0.000000e+00,0.000000e+00,171,362
0.000000e+00,-6.969819e-08,-1.573984e-07,2.785063e-07,0.000000e+00,0.000000e+00,0.000000e+00,0.000000e+00,0.000000e+00,0.000000e+00,0.000000e+00,172,362
0.000000e+00,1.721013e-07,4.774117e-08,2.624758e-07,0.000000e+00,0.000000e+00,0.000000e+00,0.000000e+00,0.000000e+00,0.000000e+00,0.000000e+00,173,362
0.000000e+00,1.261747e-08,1.351796e-07,2.121976e-07,0.000000e+00,0.000000e+00,0.000000e+00,0.000000e+00,0.000000e+00,0.000000e+00,0.000000e+00,174,362
0.000000e+00,8.903364e-08,6.784204e-08,6.084285e-07,0.000000e+00,0.000000e+00,0.000000e+00,0.000000e+00,0.000000e+00,0.000000e+00,0.000000e+00,175,362
0.000000e+00,-5.694587e-08,-8.786055e-08,2.286519e-07,0.000000e+00,0.000000e+00,0.000000e+00,0.000000e+00,0.000000e+00,0.000000e+00,0.000000e+00,176,362
0.000000e+00,-1.567887e-07,1.507937e-07,4.585446e-07,0.000000e+00,0.000000e+00,0.000000e+00,0.000000e+00,0.000000e+00,0.000000e+00,0.000000e+00,177,362
0.000000e+00,6.942057e-08,-1.544645e-07,3.873214e-07,0.000000e+00,0.000000e+00,0.000000e+00,0.000000e+00,0.000000e+00,0.000000e+00,0.000000e+00,178,362
0.000000e+00,2.511116e-08,5.385476e-08,5.755024e-07,0.000000e+00,0.000000e+00,0.000000e+00,0.000000e+00,0.000000e+00,0.000000e+00,0.000000e+00,179,362
0.000000e+00,-1.183906e-07,-3.613218e-08,4.153191e-07,0.000000e+00,0.000000e+00,0.000000e+00,0.000000e+00,0.000000e+00,0.000000e+00,0.000000e+00,180,362
0.000000e+00,1.174900e-07,1.967339e-07,4.409613e-07,0.000000e+00,0.000000e+00,0.000000e+00,0.000000e+00,0.000000e+00,0.000000e+00,0.000000e+00,181,362
0.000000e+00,7.278635e-08,1.530041e-07,6.288500e-07,0.000000e+00,0.000000e+00,0.000000e+00,0.000000e+00,0.000000e+00,0.000000e+00,0.000000e+00,182,362
0.000000e+00,-2.272387e-07,-1.137975e-07,3.254856e-07,0.000000e+00,0.000000e+00,0.000000e+00,0.000000e+00,0.000000e+00,0.000000e+00,0.000000e+00,183,362
0.000000e+00,-5.536642e-08,-2.420903e-08,2.594600e-07,0.000000e+00,0.000000e+00,0.000000e+00,0.000000e+00,0.000000e+00,0.000000e+00,0.000000e+00,184,362
0.000000e+00,1.509615e-07,-3.825760e-08,5.398755e-07,0.000000e+00,0.000000e+00,0.000000e+00,0.000000e+00,0.000000e+00,0.000000e+00,0.000000e+00,185,362
0.000000e+00,2.897835e-08,6.629014e-08,6.551036e-07,0.000000e+00,0.000000e+00,0.000000e+00,0.000000e+00,0.000000e+00,0.000000e+00,0.000000e+00,186,362
0.000000e+00,1.442312e-07,1.050788e-07,3.433953e-07,0.000000e+00,0.000000e+00,0.000000e+00,0.000000e+00,0.000000e+00,0.000000e+00,0.000000e+00,187,362
0.000000e+00,6.866069e-08,-2.712081e-07,3.612736e-07,0.000000e+00,0.000000e+00,0.000000e+00,0.000000e+00,0.000000e+00,0.000000e+00,0.000000e+00,188,362
0.000000e+00,2.712080e-08,5.717042e-08,1.172872e-07,0.000000e+00,0.000000e+00,0.000000e+00,0.000000e+00,0.000000e+00,0.000000e+00,0.000000e+00,189,362
0.000000e+00,-1.068452e-07,2.544604e-08,4.399382e-07,0.000000e+00,0.000000e+00,0.000000e+00,0.000000e+00,0.000000e+00,0.000000e+00,0.000000e+00,190,362
0.000000e+00,1.503210e-07,1.108239e-07,3.705189e-07,0.000000e+00,0.000000e+00,0.000000e+00,0.000000e+00,0.000000e+00,0.000000e+00,0.000000e+00,191,362
0.000000e+00,-5.427163e-08,-2.118247e-07,3.530567e-07,0.000000e+00,0.000000e+00,0.000000e+00,0.000000e+00,0.000000e+00,0.000000e+00,0.000000e+00,192,362
0.000000e+00,6.136875e-08,1.340091e-07,4.188453e-07,0.000000e+00,0.000000e+00,0.000000e+00,0.000000e+00,0.000000e+00,0.000000e+00,0.000000e+00,193,362
0.000000e+00,1.788686e-07,-1.378479e-07,4.059567e-07,0.000000e+00,0.000000e+00,0.000000e+00,0.000000e+00,0.000000e+00,0.000000e+00,0.000000e+00,194,362
0.000000e+00,-3.674784e-08,8.370999e-08,3.187574e-07,0.000000e+00,0.000000e+00,0.000000e+00,0.000000e+00,0.000000e+00,0.000000e+00,0.000000e+00,195,362
0.000000e+00,7.741327e-08,-2.652513e-09,3.342390e-07,0.000000e+00,0.000000e+00,0.000000e+00,0.000000e+00,0.000000e+00,0.000000e+00,0.000000e+00,196,362
0.000000e+00,-7.270352e-08,-1.568527e-07,5.237823e-07,0.000000e+00,0.000000e+00,0.000000e+00,0.000000e+00,0.000000e+00,0.000000e+00,0.000000e+00,197,362
0.000000e+00,2.074063e-07,-1.524017e-07,4.586257e-07,0.000000e+00,0.000000e+00,0.000000e+00,0.000000e+00,0.000000e+00,0.000000e+00,0.000000e+00,198,362
0.000000e+00,8.723688e-08,1.039960e-07,5.350256e-07,0.000000e+00,0.000000e+00,0.000000e+00,0.000000e+00,0.000000e+00,0.000000e+00,0.000000e+00,199,362
0.000000e+00,1.057917e-07,-3.179634e-08,3.221844e-07,0.000000e+00,0.000000e+00,0.000000e+00,0.000000e+00,0.000000e+00,0.000000e+00,0.000000e+00,200,362
0.000000e+00,1.235832e-07,1.858727e-07,2.449408e-07,0.000000e+00,0.000000e+00,0.000000e+00,0.000000e+00,0.000000e+00,0.000000e+00,0.000000e+00,201,362
0.000000e+00,-1.712336e-07,-1.827147e-08,3.969896e-07,0.000000e+00,0.000000e+00,0.000000e+00,0.000000e+00,0.000000e+00,0.000000e+00,0.000000e+00,202,362
0.000000e+00,-1.441675e-07,2.128175e-07,2.857789e-07,0.000000e+00,0.000000e+00,0.000000e+00,0.000000e+00,0.000000e+00,0.000000e+00,0.000000e+00,203,362
0.000000e+00,8.881584e-08,1.967953e-07,5.708668e-07,0.000000e+00,0.000000e+00,0.000000e+00,0.000000e+00,0.000000e+00,0.000000e+00,0.000000e+00,204,362
0.000000e+00,9.466552e-08,1.604036e-08,5.343738e-07,0.000000e+00,0.000000e+00,0.000000e+00,0.000000e+00,0.000000e+00,0.000000e+00,0.000000e+00,205,362
0.000000e+00,2.152900e-07,-8.584187e-08,5.499991e-07,0.000000e+00,0.000000e+00,0.000000e+00,0.000000e+00,0.000000e+00,0.000000e+00,0.000000e+00,206,362
0.000000e+00,2.855119e-08,-1.348530e-07,3.672270e-07,0.000000e+00,0.000000e+00,0.000000e+00,0.000000e+00,0.000000e+00,0.000000e+00,0.000000e+00,207,362
0.000000e+00,1.206731e-07,-1.034736e-07,3.601916e-07,0.000000e+00,0.000000e+00,0.000000e+00,0.000000e+00,0.000000e+00,0.000000e+00,0.000000e+00,208,362
0.000000e+00,-1.668700e-08,6.859992e-08,6.450289e-07,0.000000e+00,0.000000e+00,0.000000e+00,0.000000e+00,0.000000e+00,0.000000e+00,0.000000e+00,209,362
0.000000e+00,2.005010e-07,9.785017e-08,3.891870e-07,0.000000e+00,0.000000e+00,0.000000e+00,0.000000e+00,0.000000e+00,0.000000e+00,0.000000e+00,210,362
0.000000e+00,2.301893e-07,-1.545535e-07,3.425543e-07,0.000000e+00,0.000000e+00,0.000000e+00,0.000000e+00,0.000000e+00,0.000000e+00,0.000000e+00,211,362
0.000000e+00,-3.714078e-08,-1.383505e-08,4.139651e-07,0.000000e+00,0.000000e+00,0.000000e+00,0.000000e+00,0.000000e+00,0.000000e+00,0.000000e+00,212,362
0.000000e+00,3.086364e-08,1.111297e-07,5.115437e-07,0.000000e+00,0.000000e+00,0.000000e+00,0.000000e+00,0.000000e+00,0.000000e+00,0.000000e+00,213,362
0.000000e+00,-1.934789e-07,1.678978e-07,2.745397e-07,0.000000e+00,0.000000e+00,0.000000e+00,0.000000e+00,0.000000e+00,0.000000e+00,0.000000e+00,214,362
0.000000e+00,1.222936e-07,-1.604611e-07,3.858833e-07,0.000000e+00,0.000000e+00,0.000000e+00,0.000000e+00,0.000000e+00,0.000000e+00,0.000000e+00,215,362
0.000000e+00,1.228983e-07,-1.641558e-08,3.852127e-07,0.000000e+00,0.000000e+00,0.000000e+00,0.000000e+00,0.000000e+00,0.000000e+00,0.000000e+00,216,362
0.000000e+00,-1.850863e-07,8.129225e-08,4.955964e-07,0.000000e+00,0.000000e+00,0.000000e+00,0.000000e+00,0.000000e+00,0.000000e+00,0.000000e+00,217,362
0.000000e+00,-1.417110e-07,-7.619529e-08,4.312896e-07,0.000000e+00,0.000000e+00,0.000000e+00,0.000000e+00,0.000000e+00,0.000000e+00,0.000000e+00,218,362
0.000000e+00,6.335782e-08,-2.501391e-07,3.430685e-07,0.000000e+00,0.000000e+00,0.000000e+00,0.000000e+00,0.000000e+00,0.000000e+00,0.000000e+00,219,362
0.000000e+00,5.100684e-08,7.353512e-08,4.321632e-07,0.000000e+00,0.000000e+00,0.000000e+00,0.000000e+00,0.000000e+00,0.000000e+00,0.000000e+00,220,362
0.000000e+00,-8.128886e-08,-1.505090e-08,5.501457e-07,0.000000e+00,0.000000e+00,0.000000e+00,0.000000e+00,0.000000e+00,0.000000e+00,0.000000e+00,221,362
0.000000e+00,-1.257535e-07,-2.143848e-07,3.648334e-07,0.000000e+00,0.000000e+00,0.000000e+00,0.000000e+00,0.000000e+00,0.000000e+00,0.000000e+00,222,362
0.000000e+00,-2.262192e-07,-1.544666e-08,4.040136e-07,0.000000e+00,0.000000e+00,0.000000e+00,0.000000e+00,0.000000e+00,0.000000e+00,0.000000e+00,223,362
0.000000e+00,1.821373e-07,-1.736250e-07,3.661256e-07,0.000000e+00,0.000000e+00,0.000000e+00,0.000000e+00,0.000000e+00,0.000000e+00,0.000000e+00,224,362
0.000000e+00,-1.444443e-07,1.529575e-07,3.415696e-07,0.000000e+00,0.000000e+00,0.000000e+00,0.000000e+00,0.000000e+00,0.000000e+00,0.000000e+00,225,362
0.000000e+00,1.840060e-08,-2.468362e-07,5.168379e-07,0.000000e+00,0.000000e+00,0.000000e+00,0.000000e+00,0.000000e+00,0.000000e+00,0.000000e+00,226,362
0.000000e+00,5.505796e-08,1.392018e-07,2.781568e-07,0.000000e+00,0.000000e+00,0.000000e+00,0.000000e+00,0.000000e+00,0.000000e+00,0.000000e+00,227,362
0.000000e+00,1.171887e-07,-1.062109e-08,5.313222e-07,0.000000e+00,0.000000e+00,0.000000e+00,0.000000e+00,0.000000e+00,0.000000e+00,0.000000e+00,228,362
0.000000e+00,-2.506180e-07,1.115519e-07,4.307278e-07,0.000000e+00,0.000000e+00,0.000000e+00,0.000000e+00,0.000000e+00,0.000000e+00,0.000000e+00,229,362
0.000000e+00,-1.402303e-07,8.415175e-08,1.921895e-07,0.000000e+00,0.000000e+00,0.000000e+00,0.000000e+00,0.000000e+00,0.000000e+00,0.000000e+00,230,362
0.000000e+00,1.395578e-07,-1.798887e-07,3.339410e-07,0.000000e+00,0.000000e+00,0.000000e+00,0.000000e+00,0.000000e+00,0.000000e+00,0.000000e+00,231,362
0.000000e+00,-2.701486e-07,-6.235414e-08,4.710784e-07,0.000000e+00,0.000000e+00,0.000000e+00,0.000000e+00,0.000000e+00,0.000000e+00,0.000000e+00,232,362
0.000000e+00,-1.714318e-07,1.357768e-07,5.680231e-07,0.000000e+00,0.000000e+00,0.000000e+00,0.000000e+00,0.000000e+00,0.000000e+00,0.000000e+00,233,362
0.000000e+00,1.617013e-08,-1.398554e-07,2.696653e-07,0.000000e+00,0.000000e+00,0.000000e+00,0.000000e+00,0.000000e+00,0.000000e+00,0.000000e+00,234,362
0.000000e+00,-5.583817e-08,-1.119905e-07,2.450132e-07,0.000000e+00,0.000000e+00,0.000000e+00,0.000000e+00,0.000000e+00,0.000000e+00,0.000000e+00,235,362
0.000000e+00,6.656196e-08,-4.512955e-08,6.223334e-07,0.000000e+00,0.000000e+00,0.000000e+00,0.000000e+00,0.000000e+00,0.000000e+00,0.000000e+00,236,362
0.000000e+00,-7.292867e-08,9.159822e-08,4.383758e-07,0.000000e+00,0.000000e+00,0.000000e+00,0.000000e+00,0.000000e+00,0.000000e+00,0.000000e+00,237,362
0.000000e+00,-2.331719e-07,1.632167e-07,4.401565e-07,0.000000e+00,0.000000e+00,0.000000e+00,0.000000e+00,0.000000e+00,0.000000e+00,0.000000e+00,238,362
0.000000e+00,-8.225802e-08,-7.233432e-08,4.344251e-07,0.000000e+00,0.000000e+00,0.000000e+00,0.000000e+00,0.000000e+00,0.000000e+00,0.000000e+00,239,362
0.000000e+00,1.328009e-07,2.019322e-07,4.789229e-07,0.000000e+00,0.000000e+00,0.000000e+00,0.000000e+00,0.000000e+00,0.000000e+00,0.000000e+00,240,362
0.000000e+00,-1.383736e-07,-1.757040e-07,4.333048e-07,0.000000e+00,0.000000e+00,0.000000e+00,0.000000e+00,0.000000e+00,0.000000e+00,0.000000e+00,241,362
0.000000e+00,7.470790e-08,-5.182069e-08,5.875592e-07,0.000000e+00,0.000000e+00,0.000000e+00,0.000000e+00,0.000000e+00,0.000000e+00,0.000000e+00,242,362
0.000000e+00,1.021818e-08,-1.196050e-08,3.280295e-07,0.000000e+00,0.000000e+00,0.000000e+00,0.000000e+00,0.000000e+00,0.000000e+00,0.000000e+00,243,362
0.000000e+00,-3.888489e-08,1.548927e-08,2.121442e-07,0.000000e+00,0.000000e+00,0.000000e+00,0.000000e+00,0.000000e+00,0.000000e+00,0.000000e+00,244,362
0.000000e+00,1.615082e-08,2.396527e-07,2.926634e-07,0.000000e+00,0.000000e+00,0.000000e+00,0.000000e+00,0.000000e+00,0.000000e+00,0.000000e+00,245,362
0.000000e+00,-2.676646e-08,-1.612643e-07,2.869902e-07,0.000000e+00,0.000000e+00,0.000000e+00,0.000000e+00,0.000000e+00,0.000000e+00,0.000000e+00,246,362
0.000000e+00,8.523759e-08,-1.961412e-07,2.406516e-07,0.000000e+00,0.000000e+00,0.000000e+00,0.000000e+00,0.000000e+00,0.000000e+00,0.000000e+00,247,362
0.000000e+00,-4.746855e-08,9.087058e-08,2.607216e-07,0.000000e+00,0.000000e+00,0.000000e+00,0.000000e+00,0.000000e+00,0.000000e+00,0.000000e+00,248,362
0.000000e+00,-7.180981e-08,7.160048e-08,3.327107e-07,0.000000e+00,0.000000e+00,0.000000e+00,0.000000e+00,0.000000e+00,0.000000e+00,0.000000e+00,249,362
0.000000e+00,2.562888e-07,-1.340521e-07,4.063227e-07,0.000000e+00,0.000000e+00,0.000000e+00,0.000000e+00,0.000000e+00,0.000000e+00,0.000000e+00,250,362
0.000000e+00,-1.530668e-07,1.556558e-07,4.303601e-07,0.000000e+00,0.000000e+00,0.000000e+00,0.000000e+00,0.000000e+00,0.000000e+00,0.000000e+00,251,362
0.000000e+00,1.722458e-07,2.262353e-07,3.435062e-07,0.000000e+00,0.000000e+00,0.000000e+00,0.000000e+00,0.000000e+00,0.000000e+00,0.000000e+00,252,362
0.000000e+00,-6.765269e-08,-1.844504e-07,5.811243e-07,0.000000e+00,0.000000e+00,0.000000e+00,0.000000e+00,0.000000e+00,0.000000e+00,0.000000e+00,253,362
0.000000e+00,-1.665854e-07,1.319709e-07,3.046953e-07,0.000000e+00,0.000000e+00,0.000000e+00,0.000000e+00,0.000000e+00,0.000000e+00,0.000000e+00,254,362
0.000000e+00,-1.361653e-07,1.863139e-07,5.619647e-07,0.000000e+00,0.000000e+00,0.000000e+00,0.000000e+00,0.000000e+00,0.000000e+00,0.000000e+00,255,362
0.000000e+00,-7.497211e-08,-1.436205e-07,1.737191e-07,0.000000e+00,0.000000e+00,0.000000e+00,0.000000e+00,0.000000e+00,0.000000e+00,0.000000e+00,256,362
0.000000e+00,-1.608842e-07,-1.176408e-07,4.062760e-07,0.000000e+00,0.000000e+00,0.000000e+00,0.000000e+00,0.000000e+00,0.000000e+00,0.000000e+00,257,362
0.000000e+00,-6.055410e-08,-4.727772e-08,3.440381e-07,0.000000e+00,0.000000e+00,0.000000e+00,0.000000e+00,0.000000e+00,0.000000e+00,0.000000e+00,258,362
0.000000e+00,-5.849495e-08,-1.536927e-07,5.836847e-07,0.000000e+00,0.000000e+00,0.000000e+00,0.000000e+00,0.000000e+00,0.000000e+00,0.000000e+00,259,362
0.000000e+00,5.009088e-08,4.445683e-08,4.184434e-07,0.000000e+00,0.000000e+00,0.000000e+00,0.000000e+00,0.000000e+00,0.000000e+00,0.000000e+00,260,362
0.000000e+00,6.862044e-08,-1.188836e-07,3.086472e-07,0.000000e+00,0.000000e+00,0.000000e+00,0.000000e+00,0.000000e+00,0.000000e+00,0.000000e+00,261,362
0.000000e+00,-6.494932e-08,4.787591e-08,2.411271e-07,0.000000e+00,0.000000e+00,0.000000e+00,0.000000e+00,0.000000e+00,0.000000e+00,0.000000e+00,262,362
0.000000e+00,-1.422195e-07,-1.525396e-07,3.956181e-07,0.000000e+00,0.000000e+00,0.000000e+00,0.000000e+00,0.000000e+00,0.000000e+00,0.000000e+00,263,362
0.000000e+00,-1.217197e-07,1.376085e-07,3.392191e-07,0.000000e+00,0.000000e+00,0.000000e+00,0.000000e+00,0.000000e+00,0.000000e+00,0.000000e+00,264,362
0.000000e+00,7.583660e-09,1.391836e-07,2.044927e-07,0.000000e+00,0.000000e+00,0.000000e+00,0.000000e+00,0.000000e+00,0.000000e+00,0.000000e+00,265,362
0.000000e+00,2.178657e-08,-2.362903e-07,5.300007e-07,0.000000e+00,0.000000e+00,0.000000e+00,0.000000e+00,0.000000e+00,0.000000e+00,0.000000e+00,266,362
0.000000e+00,-1.569416e-07,-1.244648e-07,3.266824e-07,0.000000e+00,0.000000e+00,0.000000e+00,0.000000e+00,0.000000e+00,0.000000e+00,0.000000e+00,267,362
0.000000e+00,-7.084840e-08,2.176427e-07,3.254011e-07,0.000000e+00,0.000000e+00,0.000000e+00,0.000000e+00,0.000000e+00,0.000000e+00,0.000000e+00,268,362
0.000000e+00,-8.387514e-08,-5.205501e-08,3.944104e-07,0.000000e+00,0.000000e+00,0.000000e+00,0.000000e+00,0.000000e+00,0.000000e+00,0.000000e+00,269,362
0.000000e+00,4.610641e-08,-1.988977e-07,5.594827e-07,0.000000e+00,0.000000e+00,0.000000e+00,0.000000e+00,0.000000e+00,0.000000e+00,0.000000e+00,270,362
0.000000e+00,-4.682885e-08,1.358669e-07,2.920028e-07,0.000000e+00,0.000000e+00,0.000000e+00,0.000000e+00,0.000000e+00,0.000000e+00,0.000000e+00,271,362
0.000000e+00,8.367475e-08,-1.275551e-07,2.244462e-07,0.000000e+00,0.000000e+00,0.000000e+00,0.000000e+00,0.000000e+00,0.000000e+00,0.000000e+00,272,362
0.000000e+00,-9.395147e-08,6.910268e-08,6.243947e-07,0.000000e+00,0.000000e+00,0.000000e+00,0.000000e+00,0.000000e+00,0.000000e+00,0.000000e+00,273,362
0.000000e+00,4.697579e-08,-1.415322e-07,4.644898e-07,0.000000e+00,0.000000e+00,0.000000e+00,0.000000e+00,0.000000e+00,0.000000e+00,0.000000e+00,274,362
0.000000e+00,-8.893366e-08,4.366022e-08,5.990039e-07,0.000000e+00,0.000000e+00,0.000000e+00,0.000000e+00,0.000000e+00,0.000000e+00,0.000000e+00,275,362
0.000000e+00,9.517754e-08,2.145870e-07,3.670286e-07,0.000000e+00,0.000000e+00,0.000000e+00,0.000000e+00,0.000000e+00,0.000000e+00,0.000000e+00,276,362
0.000000e+00,1.145108e-07,-1.641329e-08,1.497418e-07,0.000000e+00,0.000000e+00,0.000000e+00,0.000000e+00,0.000000e+00,0.000000e+00,0.000000e+00,277,362
0.000000e+00,7.333426e-08,2.631976e-07,4.438460e-07,0.000000e+00,0.000000e+00,0.000000e+00,0.000000e+00,0.000000e+00,0.000000e+00,0.000000e+00,278,362
0.000000e+00,-1.728994e-07,8.716541e-08,3.494946e-07,0.000000e+00,0.000000e+00,0.000000e+00,0.000000e+00,0.000000e+00,0.000000e+00,0.000000e+00,279,362
0.000000e+00,1.579793e-07,1.910095e-07,3.839554e-07,0.000000e+00,0.000000e+00,0.000000e+00,0.000000e+00,0.000000e+00,0.000000e+00,0.000000e+00,280,362
0.000000e+00,8.112390e-08,-1.573126e-07,5.688940e-07,0.000000e+00,0.000000e+00,0.000000e+00,0.000000e+00,0.000000e+00,0.000000e+00,0.000000e+00,281,362
0.000000e+00,1.198271e-07,-1.411512e-07,4.905222e-07,0.000000e+00,0.000000e+00,0.000000e+00,0.000000e+00,0.000000e+00,0.000000e+00,0.000000e+00,282,362
0.000000e+00,-1.401531e-07,1.723965e-07,2.600892e-07,0.000000e+00,0.000000e+00,0.000000e+00,0.000000e+00,0.000000e+00,0.000000e+00,0.000000e+00,283,362
0.000000e+00,-2.539306e-07,-1.196835e-07,4.089451e-07,0.000000e+00,0.000000e+00,0.000000e+00,0.000000e+00,0.000000e+00,0.000000e+00,0.000000e+00,284,362
0.000000e+00,-2.092690e-08,2.953264e-08,4.738997e-07,0.000000e+00,0.000000e+00,0.000000e+00,0.000000e+00,0.000000e+00,0.000000e+00,0.000000e+00,285,362
0.000000e+00,-1.905605e-07,-1.180778e-08,6.188949e-07,0.000000e+00,0.000000e+00,0.000000e+00,0.000000e+00,0.000000e+00,0.000000e+00,0.000000e+00,286,362
0.000000e+00,-1.399407e-07,-7.033606e-08,5.890104e-07,0.000000e+00,0.000000e+00,0.000000e+00,0.000000e+00,0.000000e+00,0.000000e+00,0.000000e+00,287,362
0.000000e+00,1.287007e-07,-1.240706e-07,3.297284e-07,0.000000e+00,0.000000e+00,0.000000e+00,0.000000e+00,0.000000e+00,0.000000e+00,0.000000e+00,288,362
0.000000e+00,2.438569e-07,-1.043151e-08,3.162346e-07,0.000000e+00,0.000000e+00,0.000000e+00,0.000000e+00,0.000000e+00,0.000000e+00,0.000000e+00,289,362
0.000000e+00,3.667109e-08,1.274690e-07,1.717015e-07,0.000000e+00,0.000000e+00,0.000000e+00,0.000000e+00,0.000000e+00,0.000000e+00,0.000000e+00,290,362
0.000000e+00,1.745367e-07,1.173697e-07,3.455279e-07,0.000000e+00,0.000000e+00,0.000000e+00,0.000000e+00,0.000000e+00,0.000000e+00,0.000000e+00,291,362
0.000000e+00,2.360494e-07,6.856826e-09,2.580976e-07,0.000000e+00,0.000000e+00,0.000000e+00,0.000000e+00,0.000000e+00,0.000000e+00,0.000000e+00,292,362
0.000000e+00,-5.564112e-08,1.698666e-07,4.000012e-07,0.000000e+00,0.000000e+00,0.000000e+00,0.000000e+00,0.000000e+00,0.000000e+00,0.000000e+00,293,362
0.000000e+00,-1.873892e-07,2.041485e-07,4.696308e-07,0.000000e+00,0.000000e+00,0.000000e+00,0.000000e+00,0.000000e+00,0.000000e+00,0.000000e+00,294,362
0.000000e+00,1.548220e-07,-2.857305e-08,3.173143e-07,0.000000e+00,0.000000e+00,0.000000e+00,0.000000e+00,0.000000e+00,0.000000e+00,0.000000e+00,295,362
0.000000e+00,-7.985697e-08,-1.939627e-07,3.969338e-07,0.000000e+00,0.000000e+00,0.000000e+00,0.000000e+00,0.000000e+00,0.000000e+00,0.000000e+00,296,362
0.000000e+00,5.646612e-08,-8.981257e-08,5.965557e-07,0.000000e+00,0.000000e+00,0.000000e+00,0.000000e+00,0.000000e+00,0.000000e+00,0.000000e+00,297,362
0.000000e+00,-1.606124e-07,1.891478e-07,5.509054e-07,0.000000e+00,0.000000e+00,0.000000e+00,0.000000e+00,0.000000e+00,0.000000e+00,0.000000e+00,298,362
0.000000e+00,-1.806910e-07,9.122541e-08,4.407876e-07,0.000000e+00,0.000000e+00,0.000000e+00,0.000000e+00,0.000000e+00,0.000000e+00,0.000000e+00,299,362
0.000000e+00,3.600554e-08,-1.716479e-07,4.708502e-07,0.000000e+00,0.000000e+00,0.000000e+00,0.000000e+00,0.000000e+00,0.000000e+00,0.000000e+00,300,362
0.000000e+00,2.981078e-08,-7.215271e-08,3.171620e-07,0.000000e+00,0.000000e+00,0.000000e+00,0.000000e+00,0.000000e+00,0.000000e+00,0.000000e+00,301,362
0.000000e+00,-3.171625e-08,-3.883299e-08,4.013057e-07,0.000000e+00,0.000000e+00,0.000000e+00,0.000000e+00,0.000000e+00,0.000000e+00,0.000000e+00,302,362
0.000000e+00,-5.190375e-08,6.306433e-08,4.561500e-07,0.000000e+00,0.000000e+00,0.000000e+00,0.000000e+00,0.000000e+00,0.000000e+00,0.000000e+00,303,362
0.000000e+00,5.819037e-08,-2.583924e-07,5.262033e-07,0.000000e+00,0.000000e+00,0.000000e+00,0.000000e+00,0.000000e+00,0.000000e+00,0.000000e+00,304,362
0.000000e+00,8.989871e-08,5.648279e-08,1.743478e-07,0.000000e+00,0.000000e+00,0.000000e+00,0.000000e+00,0.000000e+00,0.000000e+00,0.000000e+00,305,362
0.000000e+00,1.516806e-07,-1.545805e-07,5.788068e-07,0.000000e+00,0.000000e+00,0.000000e+00,0.000000e+00,0.000000e+00,0.000000e+00,0.000000e+00,306,362
0.000000e+00,2.239957e-07,2.097610e-08,4.350591e-07,0.000000e+00,0.000000e+00,0.000000e+00,0.000000e+00,0.000000e+00,0.000000e+00,0.000000e+00,307,362
0.000000e+00,4.510199e-08,-1.781246e-07,5.662520e-07,0.000000e+00,0.000000e+00,0.000000e+00,0.000000e+00,0.000000e+00,0.000000e+00,0.000000e+00,308,362
0.000000e+00,-1.066636e-07,-1.649184e-07,3.432392e-07,0.000000e+00,0.000000e+00,0.000000e+00,0.000000e+00,0.000000e+00,0.000000e+00,0.000000e+00,309,362
0.000000e+00,2.363139e-07,8.683690e-08,2.639280e-07,0.000000e+00,0.000000e+00,0.000000e+00,0.000000e+00,0.000000e+00,0.000000e+00,0.000000e+00,310,362
0.000000e+00,2.031418e-08,2.290104e-07,3.127975e-07,0.000000e+00,0.000000e+00,0.000000e+00,0.000000e+00,0.000000e+00,0.000000e+00,0.000000e+00,311,362
0.000000e+00,-2.192191e-07,-9.460404e-08,2.484877e-07,0.000000e+00,0.000000e+00,0.000000e+00,0.000000e+00,0.000000e+00,0.000000e+00,0.000000e+00,312,362
0.000000e+00,-2.061550e-07,-5.557976e-08,3.242678e-07,0.000000e+00,0.000000e+00,0.000000e+00,0.000000e+00,0.000000e+00,0.000000e+00,0.000000e+00,313,362
0.000000e+00,1.215105e-07,-1.981635e-07,5.049383e-07,0.000000e+00,0.000000e+00,0.000000e+00,0.000000e+00,0.000000e+00,0.000000e+00,0.000000e+00,314,362
0.000000e+00,-1.870833e-07,1.047715e-07,4.501440e-07,0.000000e+00,0.000000e+00,0.000000e+00,0.000000e+00,0.000000e+00,0.000000e+00,0.000000e+00,315,362
0.000000e+00,8.922974e-08,1.831968e-07,3.612281e-07,0.000000e+00,0.000000e+00,0.000000e+00,0.000000e+00,0.000000e+00,0.000000e+00,0.000000e+00,316,362
0.000000e+00,-1.307362e-07,5.297532e-09,3.331549e-07,0.000000e+00,0.000000e+00,0.000000e+00,0.000000e+00,0.000000e+00,0.000000e+00,0.000000e+00,317,362
0.000000e+00,4.424102e-08,8.913576e-08,5.140643e-07,0.000000e+00,0.000000e+00,0.000000e+00,0.000000e+00,0.000000e+00,0.000000e+00,0.000000e+00,318,362
0.000000e+00,1.587101e-08,-1.671529e-07,4.569427e-07,0.000000e+00,0.000000e+00,0.000000e+00,0.000000e+00,0.000000e+00,0.000000e+00,0.000000e+00,319,362
0.000000e+00,-1.225657e-07,-2.319241e-07,4.604578e-07,0.000000e+00,0.000000e+00,0.000000e+00,0.000000e+00,0.000000e+00,0.000000e+00,0.000000e+00,320,362
0.000000e+00,-7.619681e-08,2.025514e-07,3.022768e-07,0.000000e+00,0.000000e+00,0.000000e+00,0.000000e+00,0.000000e+00,0.000000e+00,0.000000e+00,321,362
0.000000e+00,2.091712e-07,5.287232e-08,3.015875e-07,0.000000e+00,0.000000e+00,0.000000e+00,0.000000e+00,0.000000e+00,0.000000e+00,0.000000e+00,322,362
0.000000e+00,-2.037846e-07,-7.181900e-08,5.205812e-07,0.000000e+00,0.000000e+00,0.000000e+00,0.000000e+00,0.000000e+00,0.000000e+00,0.000000e+00,323,362
0.000000e+00,-7.794775e-08,-4.823112e-08,2.856357e-07,0.000000e+00,0.000000e+00,0.000000e+00,0.000000e+00,0.000000e+00,0.000000e+00,0.000000e+00,324,362
0.000000e+00,2.505173e-08,1.311937e-07,3.553916e-07,0.000000e+00,0.000000e+00,0.000000e+00,0.000000e+00,0.000000e+00,0.000000e+00,0.000000e+00,325,362
0.000000e+00,3.122934e-09,5.663968e-08,6.835005e-07,0.000000e+00,0.000000e+00,0.000000e+00,0.000000e+00,0.000000e+00,0.000000e+00,0.000000e+00,326,362
0.000000e+00,1.730204e-07,5.114672e-08,2.234902e-07,0.000000e+00,0.000000e+00,0.000000e+00,0.000000e+00,0.000000e+00,0.000000e+00,0.000000e+00,327,362
0.000000e+00,6.728324e-08,6.854067e-08,5.577066e-07,0.000000e+00,0.000000e+00,0.000000e+00,0.000000e+00,0.000000e+00,0.000000e+00,0.000000e+00,328,362
0.000000e+00,2.789931e-08,7.686335e-08,6.309542e-07,0.000000e+00,0.000000e+00,0.000000e+00,0.000000e+00,0.000000e+00,0.000000e+00,0.000000e+00,329,362
0.000000e+00,-2.372822e-07,4.965697e-08,3.145983e-07,0.000000e+00,0.000000e+00,0.000000e+00,0.000000e+00,0.000000e+00,0.000000e+00,0.000000e+00,330,362
0.000000e+00,-8.851944e-09,-1.901462e-07,3.928213e-07,0.000000e+00,0.000000e+00,0.000000e+00,0.000000e+00,0.000000e+00,0.000000e+00,0.000000e+00,331,362
0.000000e+00,-1.158212e-07,1.235327e-08,6.418270e-07,0.000000e+00,0.000000e+00,0.000000e+00,0.000000e+00,0.000000e+00,0.000000e+00,0.000000e+00,332,362
0.000000e+00,-2.032352e-07,1.864222e-07,3.336789e-07,0.000000e+00,0.000000e+00,0.000000e+00,0.000000e+00,0.000000e+00,0.000000e+00,0.000000e+00,333,362
0.000000e+00,4.308616e-08,1.441778e-07,3.869422e-07,0.000000e+00,0.000000e+00,0.000000e+00,0.000000e+00,0.000000e+00,0.000000e+00,0.000000e+00,334,362
0.000000e+00,8.526127e-08,8.845125e-10,1.814491e-07,0.000000e+00,0.000000e+00,0.000000e+00,0.000000e+00,0.000000e+00,0.000000e+00,0.000000e+00,335,362
0.000000e+00,1.822877e-07,1.759534e-07,3.103406e-07,0.000000e+00,0.000000e+00,0.000000e+00,0.000000e+00,0.000000e+00,0.000000e+00,0.000000e+00,336,362
0.000000e+00,-1.974829e-08,1.311323e-08,2.585814e-07,0.000000e+00,0.000000e+00,0.000000e+00,0.000000e+00,0.000000e+00,0.000000e+00,0.000000e+00,337,362
0.000000e+00,9.238050e-08,-4.018360e-08,2.670161e-07,0.000000e+00,0.000000e+00,0.000000e+00,0.000000e+00,0.000000e+00,0.000000e+00,0.000000e+00,338,362
0.000000e+00,-1.273799e-07,4.839628e-08,2.404540e-07,0.000000e+00,0.000000e+00,0.000000e+00,0.000000e+00,0.000000e+00,0.000000e+00,0.000000e+00,339,362
0.000000e+00,-1.641769e-09,-1.395788e-07,3.736680e-07,0.000000e+00,0.000000e+00,0.000000e+00,0.000000e+00,0.000000e+00,0.000000e+00,0.000000e+00,340,362
0.000000e+00,-6.036377e-08,9.251518e-08,5.398046e-07,0.000000e+00,0.000000e+00,0.000000e+00,0.000000e+00,0.000000e+00,0.000000e+00,0.000000e+00,341,362
0.000000e+00,1.310302e-08,-2.739033e-07,4.000205e-07,0.000000e+00,0.000000e+00,0.000000e+00,0.000000e+00,0.000000e+00,0.000000e+00,0.000000e+00,342,362
0.000000e+00,1.361218e-07,2.527155e-08,4.879999e-07,0.000000e+00,0.000000e+00,0.000000e+00,0.000000e+00,0.000000e+00,0.000000e+00,0.000000e+00,343,362
0.000000e+00,-8.385478e-08,-9.899431e-08,1.441230e-07,0.000000e+00,0.000000e+00,0.000000e+00,0.000000e+00,0.000000e+00,0.000000e+00,0.000000e+00,344,362
0.000000e+00,-1.006999e-07,2.289655e-07,4.371888e-07,0.000000e+00,0.000000e+00,0.000000e+00,0.000000e+00,0.000000e+00,0.000000e+00,0.000000e+00,345,362
0.000000e+00,1.000720e-07,1.715548e-07,2.017230e-07,0.000000e+00,0.000000e+00,0.000000e+00,0.000000e+00,0.000000e+00,0.000000e+00,0.000000e+00,346,362
0.000000e+00,2.017569e-07,-9.990502e-08,5.022120e-07,0.000000e+00,0.000000e+00,0.000000e+00,0.000000e+00,0.000000e+00,0.000000e+00,0.000000e+00,347,362
0.000000e+00,-8.424906e-08,7.010330e-08,1.968640e-07,0.000000e+00,0.000000e+00,0.000000e+00,0.000000e+00,0.000000e+00,0.000000e+00,0.000000e+00,348,362
0.000000e+00,-1.484253e-07,-6.639384e-08,3.798179e-07,0.000000e+00,0.000000e+00,0.000000e+00,0.000000e+00,0.000000e+00,0.000000e+00,0.000000e+00,349,362
0.000000e+00,4.807550e-08,-1.730318e-07,3.285961e-07,0.000000e+00,0.000000e+00,0.000000e+00,0.000000e+00,0.000000e+00,0.000000e+00,0.000000e+00,350,362
0.000000e+00,-3.452216e-08,1.520167e-07,4.336934e-07,0.000000e+00,0.000000e+00,0.000000e+00,0.000000e+00,0.000000e+00,0.000000e+00,0.000000e+00,351,362
0.000000e+00,3.974500e-08,-8.556351e-10,2.896414e-07,0.000000e+00,0.000000e+00,0.000000e+00,0.000000e+00,0.000000e+00,0.000000e+00,0.000000e+00,352,362
0.000000e+00,-2.848409e-11,-1.142005e-07,1.289494e-07,0.000000e+00,0.000000e+00,0.000000e+00,0.000000e+00,0.000000e+00,0.000000e+00,0.000000e+00,353,362
0.000000e+00,8.049503e-08,-1.033301e-07,3.168090e-07,0.000000e+00,0.000000e+00,0.000000e+00,0.000000e+00,0.000000e+00,0.000000e+00,0.000000e+00,354,362
0.000000e+00,-1.027913e-07,-1.921613e-07,5.429054e-07,0.000000e+00,0.000000e+00,0.000000e+00,0.000000e+00,0.000000e+00,0.000000e+00,0.000000e+00,355,362
0.000000e+00,7.461374e-08,-1.676881e-07,3.964003e-07,0.000000e+00,0.000000e+00,0.000000e+00,0.000000e+00,0.000000e+00,0.000000e+00,0.000000e+00,356,362
0.000000e+00,1.096062e-07,1.276207e-07,1.536630e-07,0.000000e+00,0.000000e+00,0.000000e+00,0.000000e+00,0.000000e+00,0.000000e+00,0.000000e+00,357,362
0.000000e+00,-2.356524e-07,-5.450644e-08,5.506169e-07,0.000000e+00,0.000000e+00,0.000000e+00,0.000000e+00,0.000000e+00,0.000000e+00,0.000000e+00,358,362
0.000000e+00,1.161024e-07,2.078128e-07,3.327408e-07,0.000000e+00,0.000000e+00,0.000000e+00,0.000000e+00,0.000000e+00,0.000000e+00,0.000000e+00,359,362
0.000000e+00,-1.288630e-09,-2.035991e-07,3.773337e-07,0.000000e+00,0.000000e+00,0.000000e+00,0.000000e+00,0.000000e+00,0.000000e+00,0.000000e+00,360,362
0.000000e+00,2.273523e-07,-1.371253e-07,4.182423e-07,0.000000e+00,0.000000e+00,0.000000e+00,0.000000e+00,0.000000e+00,0.000000e+00,0.000000e+00,361,362
0.000000e+00,1.740328e-07,1.790527e-08,3.203239e-07,0.000000e+00,0.000000e+00,0.000000e+00,0.000000e+00,0.000000e+00,0.000000e+00,0.000000e+00,362,362
0.000000e+00,1.270718e-07,-7.857610e-08,5.607944e-07,0.000000e+00,0.000000e+00,0.000000e+00,0.000000e+00,0.000000e+00,0.000000e+00,0.000000e+00,363,362
0.000000e+00,1.776254e-07,5.018945e-08,5.091554e-07,0.000000e+00,0.000000e+00,0.000000e+00,0.000000e+00,0.000000e+00,0.000000e+00,0.000000e+00,364,362
0.000000e+00,2.326304e-08,2.177418e-07,5.465494e-07,0.000000e+00,0.000000e+00,0.000000e+00,0.000000e+00,0.000000e+00,0.000000e+00,0.000000e+00,365,362
0.000000e+00,3.006005e-08,-1.316211e-07,2.588850e-07,0.000000e+00,0.000000e+00,0.000000e+00,0.000000e+00,0.000000e+00,0.000000e+00,0.000000e+00,366,362
0.000000e+00,1.235475e-07,6.507172e-08,2.758885e-07,0.000000e+00,0.000000e+00,0.000000e+00,0.000000e+00,0.000000e+00,0.000000e+00,0.000000e+00,367,362
0.000000e+00,-5.419449e-09,2.035679e-07,5.115897e-07,0.000000e+00,0.000000e+00,0.000000e+00,0.000000e+00,0.000000e+00,0.000000e+00,0.000000e+00,368,362
0.000000e+00,2.349011e-07,1.742795e-07,3.745882e-07,0.000000e+00,0.000000e+00,0.000000e+00,0.000000e+00,0.000000e+00,0.000000e+00,0.000000e+00,369,362
0.000000e+00,7.963750e-09,1.056948e-07,1.803866e-07,0.000000e+00,0.000000e+00,0.000000e+00,0.000000e+00,0.000000e+00,0.000000e+00,0.000000e+00,370,362
0.000000e+00,-2.336622e-08,-4.853833e-08,4.394651e-07,0.000000e+00,0.000000e+00,0.000000e+00,0.000000e+00,0.000000e+00,0.000000e+00,0.000000e+00,371,362
0.000000e+00,-4.001115e-08,-6.775602e-08,4.767756e-07,0.000000e+00,0.000000e+00,0.000000e+00,0.000000e+00,0.000000e+00,0.000000e+00,0.000000e+00,372,362
0.000000e+00,-1.143549e-07,6.803107e-08,5.166487e-07,0.000000e+00,0.000000e+00,0.000000e+00,0.000000e+00,0.000000e+00,0.000000e+00,0.000000e+00,373,362
0.000000e+00,1.741512e-08,6.481403e-08,3.625866e-07,0.000000e+00,0.000000e+00,0.000000e+00,0.000000e+00,0.000000e+00,0.000000e+00,0.000000e+00,374,362
0.000000e+00,-2.109443e-07,2.805691e-08,5.931151e-07,0.000000e+00,0.000000e+00,0.000000e+00,0.000000e+00,0.000000e+00,0.000000e+00,0.000000e+00,375,362
0.000000e+00,-1.916439e-08,-1.390746e-07,5.601306e-07,0.000000e+00,0.000000e+00,0.000000e+00,0.000000e+00,0.000000e+00,0.000000e+00,0.000000e+00,376,362
0.000000e+00,3.115441e-08,7.921641e-08,3.080175e-07,0.000000e+00,0.000000e+00,0.000000e+00,0.000000e+00,0.000000e+00,0.000000e+00,0.000000e+00,377,362
0.000000e+00,-1.177670e-07,-2.583279e-07,3.501922e-07,0.000000e+00,0.000000e+00,0.000000e+00,0.000000e+00,0.000000e+00,0.000000e+00,0.000000e+00,378,362
0.000000e+00,-1.617770e-07,-7.780176e-08,4.093232e-07,0.000000e+00,0.000000e+00,0.000000e+00,0.000000e+00,0.000000e+00,0.000000e+00,0.000000e+00,379,362
0.000000e+00,7.163394e-08,-1.946515e-07,3.277125e-07,0.000000e+00,0.000000e+00,0.000000e+00,0.000000e+00,0.000000e+00,0.000000e+00,0.000000e+00,380,362
0.000000e+00,-1.197236e-07,-9.395450e-08,1.771188e-07,0.000000e+00,0.000000e+00,0.000000e+00,0.000000e+00,0.000000e+00,0.000000e+00,0.000000e+00,381,362
0.000000e+00,1.203602e-07,-1.899255e-07,4.839733e-07,0.000000e+00,0.000000e+00,0.000000e+00,0.000000e+00,0.000000e+00,0.000000e+00,0.000000e+00,382,362
0.000000e+00,-5.038344e-09,1.478484e-07,3.837553e-07,0.000000e+00,0.000000e+00,0.000000e+00,0.000000e+00,0.000000e+00,0.000000e+00,0.000000e+00,383,362
0.000000e+00,-1.073593e-07,-1.300808e-07,3.040682e-07,0.000000e+00,0.000000e+00,0.000000e+00,0.000000e+00,0.000000e+00,0.000000e+00,0.000000e+00,384,362
0.000000e+00,1.034445e-07,-1.490529e-07,4.762915e-07,0.000000e+00,0.000000e+00,0.000000e+00,0.000000e+00,0.000000e+00,0.000000e+00,0.000000e+00,385,362
0.000000e+00,1.632548e-07,-1.233478e-07,4.728574e-07,0.000000e+00,0.000000e+00,0.000000e+00,0.000000e+00,0.000000e+00,0.000000e+00,0.000000e+00,386,362
0.000000e+00,-1.327343e-07,9.255744e-08,6.127481e-07,0.000000e+00,0.000000e+00,0.000000e+00,0.000000e+00,0.000000e+00,0.000000e+00,0.000000e+00,387,362
0.000000e+00,4.220016e-09,-2.131708e-07,4.771288e-07,0.000000e+00,0.000000e+00,0.000000e+00,0.000000e+00,0.000000e+00,0.000000e+00,0.000000e+00,388,362
0.000000e+00,1.623540e-07,-1.228516e-07,4.313706e-07,0.000000e+00,0.000000e+00,0.000000e+00,0.000000e+00,0.000000e+00,0.000000e+00,0.000000e+00,389,362
0.000000e+00,-1.252089e-07,1.273457e-07,3.769622e-07,0.000000e+00,0.000000e+00,0.000000e+00,0.000000e+00,0.000000e+00,0.000000e+00,0.000000e+00,390,362
0.000000e+00,-1.886574e-07,6.678235e-08,5.344332e-07,0.000000e+00,0.000000e+00,0.000000e+00,0.000000e+00,0.000000e+00,0.000000e+00,0.000000e+00,391,362
0.000000e+00,7.289437e-09,-1.027591e-07,4.453711e-07,0.000000e+00,0.000000e+00,0.000000e+00,0.000000e+00,0.000000e+00,0.000000e+00,0.000000e+00,392,362
0.000000e+00,1.337094e-07,-1.833472e-08,2.906642e-07,0.000000e+00,0.000000e+00,0.000000e+00,0.000000e+00,0.000000e+00,0.000000e+00,0.000000e+00,393,362
0.000000e+00,1.280885e-07,-1.804436e-07,5.295053e-07,0.000000e+00,0.000000e+00,0.000000e+00,0.000000e+00,0.000000e+00,0.000000e+00,0.000000e+00,394,362
0.000000e+00,-7.419122e-08,2.409957e-07,3.406329e-07,0.000000e+00,0.000000e+00,0.000000e+00,0.000000e+00,0.000000e+00,0.000000e+00,0.000000e+00,395,362
0.000000e+00,8.553612e-08,1.155946e-07,1.870311e-07,0.000000e+00,0.000000e+00,0.000000e+00,0.000000e+00,0.000000e+00,0.000000e+00,0.000000e+00,396,362
0.000000e+00,-9.242157e-08,6.865579e-08,5.526833e-07,0.000000e+00,0.000000e+00,0.000000e+00,0.000000e+00,0.000000e+00,0.000000e+00,0.000000e+00,397,362
0.000000e+00,1.325953e-07,1.523596e-07,3.039725e-07,0.000000e+00,0.000000e+00,0.000000e+00,0.000000e+00,0.000000e+00,0.000000e+00,0.000000e+00,398,362
0.000000e+00,1.734023e-07,-7.492588e-08,4.464989e-07,0.000000e+00,0.000000e+00,0.000000e+00,0.000000e+00,0.000000e+00,0.000000e+00,0.000000e+00,399,362
0.000000e+00,1.592572e-07,2.005221e-07,3.260502e-07,0.000000e+00,0.000000e+00,0.000000e+00,0.000000e+00,0.000000e+00,0.000000e+00,0.000000e+00,400,362
0.000000e+00,1.656075e-07,3.643056e-08,4.418549e-07,0.000000e+00,0.000000e+00,0.000000e+00,0.000000e+00,0.000000e+00,0.000000e+00,0.000000e+00,401,362
0.000000e+00,4.276495e-09,-2.058331e-07,4.893339e-07,0.000000e+00,0.000000e+00,0.000000e+00,0.000000e+00,0.000000e+00,0.000000e+00,0.000000e+00,402,362
0.000000e+00,8.097266e-08,1.520925e-07,4.052454e-07,0.000000e+00,0.000000e+00,0.000000e+00,0.000000e+00,0.000000e+00,0.000000e+00,0.000000e+00,403,362
0.000000e+00,5.791315e-08,1.385383e-07,2.776383e-07,0.000000e+00,0.000000e+00,0.000000e+00,0.000000e+00,0.000000e+00,0.000000e+00,0.000000e+00,404,362
0.000000e+00,-2.277097e-07,-1.128104e-08,3.859386e-07,0.000000e+00,0.000000e+00,0.000000e+00,0.000000e+00,0.000000e+00,0.000000e+00,0.000000e+00,405,362
0.000000e+00,1.284234e-07,3.454747e-08,2.742576e-07,0.000000e+00,0.000000e+00,0.000000e+00,0.000000e+00,0.000000e+00,0.000000e+00,0.000000e+00,406,362
0.000000e+00,-1.379458e-07,4.943976e-08,6.444523e-07,0.000000e+00,0.000000e+00,0.000000e+00,0.000000e+00,0.000000e+00,0.000000e+00,0.000000e+00,407,362
0.000000e+00,1.398547e-07,1.660841e-07,3.158862e-07,0.000000e+00,0.000000e+00,0.000000e+00,0.000000e+00,0.000000e+00,0.000000e+00,0.000000e+00,408,362
0.000000e+00,-1.931687e-07,-1.565072e-07,3.218787e-07,0.000000e+00,0.000000e+00,0.000000e+00,0.000000e+00,0.000000e+00,0.000000e+00,0.000000e+00,409,362
0.000000e+00,-3.875204e-08,4.895712e-08,1.244217e-07,0.000000e+00,0.000000e+00,0.000000e+00,0.000000e+00,0.000000e+00,0.000000e+00,0.000000e+00,410,362
0.000000e+00,6.438449e-08,9.209986e-08,2.410760e-07,0.000000e+00,0.000000e+00,0.000000e+00,0.000000e+00,0.000000e+00,0.000000e+00,0.000000e+00,411,362
0.000000e+00,-2.374715e-07,-3.768752e-08,5.523161e-07,0.000000e+00,0.000000e+00,0.000000e+00,0.000000e+00,0.000000e+00,0.000000e+00,0.000000e+00,412,362
0.000000e+00,1.254396e-07,-1.273198e-07,3.088349e-07,0.000000e+00,0.000000e+00,0.000000e+00,0.000000e+00,0.000000e+00,0.000000e+00,0.000000e+00,413,362
0.000000e+00,-1.547699e-07,1.796430e-07,3.960923e-07,0.000000e+00,0.000000e+00,0.000000e+00,0.000000e+00,0.000000e+00,0.000000e+00,0.000000e+00,414,362
0.000000e+00,1.995778e-07,1.236999e-07,2.281890e-07,0.000000e+00,0.000000e+00,0.000000e+00,0.000000e+00,0.000000e+00,0.000000e+00,0.000000e+00,415,362
0.000000e+00,-1.119203e-07,1.761023e-07,2.371060e-07,0.000000e+00,0.000000e+00,0.000000e+00,0.000000e+00,0.000000e+00,0.000000e+00,0.000000e+00,416,362
0.000000e+00,2.355249e-08,3.546097e-08,3.262743e-07,0.000000e+00,0.000000e+00,0.000000e+00,0.000000e+00,0.000000e+00,0.000000e+00,0.000000e+00,417,362
0.000000e+00,-7.636308e-08,2.398667e-07,2.944247e-07,0.000000e+00,0.000000e+00,0.000000e+00,0.000000e+00,0.000000e+00,0.000000e+00,0.000000e+00,418,362
0.000000e+00,2.208222e-07,-1.552618e-07,4.918729e-07,0.000000e+00,0.000000e+00,0.000000e+00,0.000000e+00,0.000000e+00,0.000000e+00,0.000000e+00,419,362
0.000000e+00,-3.695799e-08,7.196838e-08,2.681241e-07,0.000000e+00,0.000000e+00,0.000000e+00,0.000000e+00,0.000000e+00,0.000000e+00,0.000000e+00,420,362
0.000000e+00,9.517411e-08,-1.380139e-07,2.647766e-07,0.000000e+00,0.000000e+00,0.000000e+00,0.000000e+00,0.000000e+00,0.000000e+00,0.000000e+00,421,362
0.000000e+00,1.958279e-07,6.953288e-08,3.939189e-07,0.000000e+00,0.000000e+00,0.000000e+00,0.000000e+00,0.000000e+00,0.000000e+00,0.000000e+00,422,362
0.000000e+00,-3.573450e-08,1.736647e-07,2.175400e-07,0.000000e+00,0.000000e+00,0.000000e+00,0.000000e+00,0.000000e+00,0.000000e+00,0.000000e+00,423,362
0.000000e+00,-2.196133e-07,1.298740e-07,2.919786e-07,0.000000e+00,0.000000e+00,0.000000e+00,0.000000e+00,0.000000e+00,0.000000e+00,0.000000e+00,424,362
0.000000e+00,5.492897e-09,-2.419443e-07,2.675598e-07,0.000000e+00,0.000000e+00,0.000000e+00,0.000000e+00,0.000000e+00,0.000000e+00,0.000000e+00,425,362
0.000000e+00,1.040089e-07,-1.656814e-07,5.279783e-07,0.000000e+00,0.000000e+00,0.000000e+00,0.000000e+00,0.000000e+00,0.000000e+00,0.000000e+00,426,362
0.000000e+00,-3.280508e-08,3.053280e-08,2.254115e-07,0.000000e+00,0.000000e+00,0.000000e+00,0.000000e+00,0.000000e+00,0.000000e+00,0.000000e+00,427,362
0.000000e+00,-1.491444e-07,-7.708784e-09,3.382381e-07,0.000000e+00,0.000000e+00,0.000000e+00,0.000000e+00,0.000000e+00,0.000000e+00,0.000000e+00,428,362
0.000000e+00,5.346388e-08,1.190666e-07,1.677631e-07,0.000000e+00,0.000000e+00,0.000000e+00,0.000000e+00,0.000000e+00,0.000000e+00,0.000000e+00,429,362
0.000000e+00,2.617024e-08,-6.467494e-08,1.632792e-07,0.000000e+00,0.000000e+00,0.000000e+00,0.000000e+00,0.000000e+00,0.000000e+00,0.000000e+00,430,362
0.000000e+00,-2.482346e-07,-2.338149e-08,4.694575e-07,0.000000e+00,0.000000e+00,0.000000e+00,0.000000e+00,0.000000e+00,0.000000e+00,0.000000e+00,431,362
0.000000e+00,-2.459493e-07,8.677610e-08,4.668590e-07,0.000000e+00,0.000000e+00,0.000000e+00,0.000000e+00,0.000000e+00,0.000000e+00,0.000000e+00,432,362
0.000000e+00,-4.116802e-09,2.625351e-07,4.903486e-07,0.000000e+00,0.000000e+00,0.000000e+00,0.000000e+00,0.000000e+00,0.000000e+00,0.000000e+00,433,362
0.000000e+00,6.981395e-08,1.191265e-07,3.945580e-07,0.000000e+00,0.000000e+00,0.000000e+00,0.000000e+00,0.000000e+00,0.000000e+00,0.000000e+00,434,362
0.000000e+00,1.200412e-07,-9.469930e-08,3.412699e-07,0.000000e+00,0.000000e+00,0.000000e+00,0.000000e+00,0.000000e+00,0.000000e+00,0.000000e+00,435,362
0.000000e+00,4.890343e-08,-8.363274e-09,3.484622e-07,0.000000e+00,0.000000e+00,0.000000e+00,0.000000e+00,0.000000e+00,0.000000e+00,0.000000e+00,436,362
0.000000e+00,-4.132981e-08,-9.282229e-08,4.023952e-07,0.000000e+00,0.000000e+00,0.000000e+00,0.000000e+00,0.000000e+00,0.000000e+00,0.000000e+00,437,362
0.000000e+00,-5.188405e-08,1.327428e-10,2.051677e-07,0.000000e+00,0.000000e+00,0.000000e+00,0.000000e+00,0.000000e+00,0.000000e+00,0.000000e+00,438,362
0.000000e+00,-2.597315e-07,5.925937e-08,3.625752e-07,0.000000e+00,0.000000e+00,0.000000e+00,0.000000e+00,0.000000e+00,0.000000e+00,0.000000e+00,439,362
0.000000e+00,1.523963e-07,-8.541291e-08,3.946747e-07,0.000000e+00,0.000000e+00,0.000000e+00,0.000000e+00,0.000000e+00,0.000000e+00,0.000000e+00,440,362
0.000000e+00,-1.357526e-07,2.090293e-07,3.522087e-07,0.000000e+00,0.000000e+00,0.000000e+00,0.000000e+00,0.000000e+00,0.000000e+00,0.000000e+00,441,362
0.000000e+00,-2.805161e-07,-2.206344e-08,3.881935e-07,0.000000e+00,0.000000e+00,0.000000e+00,0.000000e+00,0.000000e+00,0.000000e+00,0.000000e+00,442,362
0.000000e+00,3.639729e-08,5.062387e-08,3.126870e-07,0.000000e+00,0.000000e+00,0.000000e+00,0.000000e+00,0.000000e+00,0.000000e+00,0.000000e+00,443,362
0.000000e+00,6.998444e-08,1.081666e-07,3.615928e-07,0.000000e+00,0.000000e+00,0.000000e+00,0.000000e+00,0.000000e+00,0.000000e+00,0.000000e+00,444,362
0.000000e+00,-2.233662e-07,9.358581e-09,5.821856e-07,0.000000e+00,0.000000e+00,0.000000e+00,0.000000e+00,0.000000e+00,0.000000e+00,0.000000e+00,445,362
0.000000e+00,2.385633e-07,2.390270e-08,4.302869e-07,0.000000e+00,0.000000e+00,0.000000e+00,0.000000e+00,0.000000e+00,0.000000e+00,0.000000e+00,446,362
0.000000e+00,-7.492085e-08,9.691965e-08,5.685560e-07,0.000000e+00,0.000000e+00,0.000000e+00,0.000000e+00,0.000000e+00,0.000000e+00,0.000000e+00,447,362
0.000000e+00,-1.345647e-07,-7.336723e-08,4.652633e-07,0.000000e+00,0.000000e+00,0.000000e+00,0.000000e+00,0.000000e+00,0.000000e+00,0.000000e+00,448,362
0.000000e+00,1.920546e-07,3.714622e-08,2.849249e-07,0.000000e+00,0.000000e+00,0.000000e+00,0.000000e+00,0.000000e+00,0.000000e+00,0.000000e+00,449,362
0.000000e+00,1.093217e-07,8.440501e-08,3.640330e-07,0.000000e+00,0.000000e+00,0.000000e+00,0.000000e+00,0.000000e+00,0.000000e+00,0.000000e+00,450,362
0.000000e+00,-1.461524e-07,-7.793684e-08,2.107652e-07,0.000000e+00,0.000000e+00,0.000000e+00,0.000000e+00,0.000000e+00,0.000000e+00,0.000000e+00,451,362
0.000000e+00,-3.689081e-08,-1.108573e-07,5.805643e-07,0.000000e+00,0.000000e+00,0.000000e+00,0.000000e+00,0.000000e+00,0.000000e+00,0.000000e+00,452,362
0.000000e+00,1.988422e-08,2.454299e-07,3.012085e-07,0.000000e+00,0.000000e+00,0.000000e+00,0.000000e+00,0.000000e+00,0.000000e+00,0.000000e+00,453,362
0.000000e+00,-2.260199e-07,-1.776734e-07,3.649847e-07,0.000000e+00,0.000000e+00,0.000000e+00,0.000000e+00,0.000000e+00,0.000000e+00,0.000000e+00,454,362
0.000000e+00,-2.216208e-07,-1.552897e-08,3.705514e-07,0.000000e+00,0.000000e+00,0.000000e+00,0.000000e+00,0.000000e+00,0.000000e+00,0.000000e+00,455,362
0.000000e+00,-3.902592e-08,2.251682e-07,4.037816e-07,0.000000e+00,0.000000e+00,0.000000e+00,0.000000e+00,0.000000e+00,0.000000e+00,0.000000e+00,456,362
0.000000e+00,-1.621999e-07,1.927115e-07,3.149470e-07,0.000000e+00,0.000000e+00,0.000000e+00,0.000000e+00,0.000000e+00,0.000000e+00,0.000000e+00,457,362
0.000000e+00,-6.975732e-08,-2.172717e-07,5.798069e-07,0.000000e+00,0.000000e+00,0.000000e+00,0.000000e+00,0.000000e+00,0.000000e+00,0.000000e+00,458,362
0.000000e+00,1.310564e-07,2.991180e-08,1.927724e-07,0.000000e+00,0.000000e+00,0.000000e+00,0.000000e+00,0.000000e+00,0.000000e+00,0.000000e+00,459,362
0.000000e+00,-1.466294e-07,6.275188e-08,3.547255e-07,0.000000e+00,0.000000e+00,0.000000e+00,0.000000e+00,0.000000e+00,0.000000e+00,0.000000e+00,460,362
0.000000e+00,4.614152e-08,-1.542483e-07,2.388119e-07,0.000000e+00,0.000000e+00,0.000000e+00,0.000000e+00,0.000000e+00,0.000000e+00,0.000000e+00,461,362
0.000000e+00,-1.059336e-07,1.844740e-08,3.561319e-07,0.000000e+00,0.000000e+00,0.000000e+00,0.000000e+00,0.000000e+00,0.000000e+00,0.000000e+00,462,362
0.000000e+00,-1.034820e-07,1.839037e-07,5.779462e-07,0.000000e+00,0.000000e+00,0.000000e+00,0.000000e+00,0.000000e+00,0.000000e+00,0.000000e+00,463,362
0.000000e+00,-1.303112e-07,-5.592990e-08,2.744962e-07,0.000000e+00,0.000000e+00,0.000000e+00,0.000000e+00,0.000000e+00,0.000000e+00,0.000000e+00,464,362
0.000000e+00,-1.498650e-07,-6.553398e-08,6.160370e-07,0.000000e+00,0.000000e+00,0.000000e+00,0.000000e+00,0.000000e+00,0.000000e+00,0.000000e+00,465,362
0.000000e+00,2.134114e-08,-1.145606e-07,4.105707e-07,0.000000e+00,0.000000e+00,0.000000e+00,0.000000e+00,0.000000e+00,0.000000e+00,0.000000e+00,466,362
0.000000e+00,2.049612e-07,2.329670e-08,2.505374e-07,0.000000e+00,0.000000e+00,0.000000e+00,0.000000e+00,0.000000e+00,0.000000e+00,0.000000e+00,467,362
0.000000e+00,-5.524176e-08,1.286571e-07,6.341226e-07,0.000000e+00,0.000000e+00,0.000000e+00,0.000000e+00,0.000000e+00,0.000000e+00,0.000000e+00,468,362
0.000000e+00,3.177317e-08,-1.015312e-07,1.702928e-07,0.000000e+00,0.000000e+00,0.000000e+00,0.000000e+00,0.000000e+00,0.000000e+00,0.000000e+00,469,362
0.000000e+00,2.124706e-07,-3.982194e-08,3.037670e-07,0.000000e+00,0.000000e+00,0.000000e+00,0.000000e+00,0.000000e+00,0.000000e+00,0.000000e+00,470,362
0.000000e+00,-4.327955e-08,1.258112e-07,1.855990e-07,0.000000e+00,0.000000e+00,0.000000e+00,0.000000e+00,0.000000e+00,0.000000e+00,0.000000e+00,471,362
0.000000e+00,3.902432e-08,2.097067e-07,2.141923e-07,0.000000e+00,0.000000e+00,0.000000e+00,0.000000e+00,0.000000e+00,0.000000e+00,0.000000e+00,472,362
0.000000e+00,-6.218859e-08,7.107427e-08,2.204415e-07,0.000000e+00,0.000000e+00,0.000000e+00,0.000000e+00,0.000000e+00,0.000000e+00,0.000000e+00,473,362
0.000000e+00,-1.740333e-07,3.642443e-08,4.722667e-07,0.000000e+00,0.000000e+00,0.000000e+00,0.000000e+00,0.000000e+00,0.000000e+00,0.000000e+00,474,362
0.000000e+00,1.214197e-07,-1.344506e-07,1.654818e-07,0.000000e+00,0.000000e+00,0.000000e+00,0.000000e+00,0.000000e+00,0.000000e+00,0.000000e+00,475,362
0.000000e+00,-6.711025e-08,-1.024522e-07,4.196890e-07,0.000000e+00,0.000000e+00,0.000000e+00,0.000000e+00,0.000000e+00,0.000000e+00,0.000000e+00,476,362
0.000000e+00,2.416253e-07,-9.419639e-08,4.916972e-07,0.000000e+00,0.000000e+00,0.000000e+00,0.000000e+00,0.000000e+00,0.000000e+00,0.000000e+00,477,362
0.000000e+00,-2.810850e-08,-1.157943e-08,5.853682e-07,0.000000e+00,0.000000e+00,0.000000e+00,0.000000e+00,0.000000e+00,0.000000e+00,0.000000e+00,478,362
0.000000e+00,-1.321921e-07,1.671978e-07,5.561934e-07,0.000000e+00,0.000000e+00,0.000000e+00,0.000000e+00,0.000000e+00,0.000000e+00,0.000000e+00,479,362
0.000000e+00,-1.992510e-07,1.451315e-07,3.673500e-07,0.000000e+00,0.000000e+00,0.000000e+00,0.000000e+00,0.000000e+00,0.000000e+00,0.000000e+00,480,362
0.000000e+00,1.593495e-07,-1.378102e-07,5.669524e-07,0.000000e+00,0.000000e+00,0.000000e+00,0.000000e+00,0.000000e+00,0.000000e+00,0.000000e+00,481,362
0.000000e+00,-7.481996e-08,1.707149e-07,3.927094e-07,0.000000e+00,0.000000e+00,0.000000e+00,0.000000e+00,0.000000e+00,0.000000e+00,0.000000e+00,482,362
0.000000e+00,2.727025e-08,-6.642544e-08,5.712492e-07,0.000000e+00,0.000000e+00,0.000000e+00,0.000000e+00,0.000000e+00,0.000000e+00,0.000000e+00,483,362
0.000000e+00,-1.663334e-07,-1.975491e-07,2.845906e-07,0.000000e+00,0.000000e+00,0.000000e+00,0.000000e+00,0.000000e+00,0.000000e+00,0.000000e+00,484,362
0.000000e+00,-1.385742e-07,1.545234e-07,3.276683e-07,0.000000e+00,0.000000e+00,0.000000e+00,0.000000e+00,0.000000e+00,0.000000e+00,0.000000e+00,485,362
0.000000e+00,-3.326400e-08,1.998481e-07,5.252714e-07,0.000000e+00,0.000000e+00,0.000000e+00,0.000000e+00,0.000000e+00,0.000000e+00,0.000000e+00,486,362
0.000000e+00,-9.667445e-08,-2.263149e-08,2.092373e-07,0.000000e+00,0.000000e+00,0.000000e+00,0.000000e+00,0.000000e+00,0.000000e+00,0.000000e+00,487,362
0.000000e+00,1.168012e-08,5.333662e-08,2.609682e-07,0.000000e+00,0.000000e+00,0.000000e+00,0.000000e+00,0.000000e+00,0.000000e+00,0.000000e+00,488,362
0.000000e+00,9.969704e-08,8.541176e-08,3.254897e-07,0.000000e+00,0.000000e+00,0.000000e+00,0.000000e+00,0.000000e+00,0.000000e+00,0.000000e+00,489,362
0.000000e+00,-1.254920e-07,-7.240538e-08,5.766377e-07,0.000000e+00,0.000000e+00,0.000000e+00,0.000000e+00,0.000000e+00,0.000000e+00,0.000000e+00,490,362
0.000000e+00,1.513691e-07,-3.451811e-09,6.436464e-07,0.000000e+00,0.000000e+00,0.000000e+00,0.000000e+00,0.000000e+00,0.000000e+00,0.000000e+00,491,362
0.000000e+00,1.462261e-07,1.938529e-07,2.695744e-07,0.000000e+00,0.000000e+00,0.000000e+00,0.000000e+00,0.000000e+00,0.000000e+00,0.000000e+00,492,362
0.000000e+00,-1.052111e-07,5.234438e-08,6.413982e-07,0.000000e+00,0.000000e+00,0.000000e+00,0.000000e+00,0.000000e+00,0.000000e+00,0.000000e+00,493,362
0.000000e+00,2.060137e-07,7.612518e-08,5.425020e-07,0.000000e+00,0.000000e+00,0.000000e+00,0.000000e+00,0.000000e+00,0.000000e+00,0.000000e+00,494,362
0.000000e+00,-1.763890e-07,-1.838999e-07,2.637476e-07,0.000000e+00,0.000000e+00,0.000000e+00,0.000000e+00,0.000000e+00,0.000000e+00,0.000000e+00,495,362
0.000000e+00,-6.157523e-08,-1.348736e-08,5.841092e-07,0.000000e+00,0.000000e+00,0.000000e+00,0.000000e+00,0.000000e+00,0.000000e+00,0.000000e+00,496,362
0.000000e+00,-1.730850e-08,1.337422e-07,4.008022e-07,0.000000e+00,0.000000e+00,0.000000e+00,0.000000e+00,0.000000e+00,0.000000e+00,0.000000e+00,497,362
0.000000e+00,2.277466e-07,1.777699e-07,4.487140e-07,0.000000e+00,0.000000e+00,0.000000e+00,0.000000e+00,0.000000e+00,0.000000e+00,0.000000e+00,498,362
0.000000e+00,5.621928e-08,6.688041e-08,4.738642e-07,0.000000e+00,0.000000e+00,0.000000e+00,0.000000e+00,0.000000e+00,0.000000e+00,0.000000e+00,499,362
