0.000000e+00,-1.660771e-09,-4.232788e-08,3.857993e-07,0.000000e+00,0.000000e+00,0.000000e+00,4.683670e+05,7.015637e+06,-6.614237e+07,4.138354e-18,0,0
7.261364e-10,-1.723260e-05,-2.647823e-04,2.500369e-03,-2.374294e+04,-3.647612e+05,3.444532e+06,1.316027e-02,1.641208e-01,-1.587992e+00,4.138354e-18,0,3195
7.257955e-09,-1.723253e-04,-2.647438e-03,2.500041e-02,-2.374445e+04,-3.647800e+05,3.444714e+06,1.033296e-04,1.678120e-03,-1.590314e-02,4.138354e-18,0,31935
0.000000e+00,3.828870e-08,-8.438944e-08,3.408735e-07,0.000000e+00,0.000000e+00,0.000000e+00,-8.699419e+06,1.920188e+07,-7.722582e+07,4.545927e-18,1,0
6.718182e-10,2.823869e-04,-6.229196e-04,2.500329e-03,4.204345e+05,-9.274400e+05,3.722627e+06,-1.651490e-01,3.641381e-01,-1.450780e+00,4.545927e-18,1,2956
6.715682e-09,2.823524e-03,-6.228434e-03,2.500015e-02,4.204521e+05,-9.274786e+05,3.722781e+06,-1.657644e-03,3.642298e-03,-1.451339e-02,4.545927e-18,1,29549
0.000000e+00,-1.454799e-07,-9.347994e-09,4.784462e-07,0.000000e+00,0.000000e+00,0.000000e+00,1.177984e+07,7.297204e+05,-3.843822e+07,3.213493e-18,2,0
9.479545e-10,-7.993709e-04,-6.366206e-05,2.500581e-03,-8.437555e+05,-6.720217e+04,2.639360e+06,4.521661e-01,3.723984e-02,-1.386642e+00,3.213493e-18,2,4171
9.472045e-09,-7.992097e-03,-6.365388e-04,2.500019e-02,-8.438233e+05,-6.720775e+04,2.639568e+06,4.534418e-03,3.915463e-04,-1.399339e-02,3.213493e-18,2,41677
0.000000e+00,-1.511512e-07,1.372707e-08,6.360177e-07,0.000000e+00,0.000000e+00,0.000000e+00,5.754879e+06,-6.720271e+05,-2.327123e+07,2.458789e-18,3,0
1.072727e-09,-6.017709e-04,2.178907e-04,2.500053e-03,-5.614161e+05,2.033606e+05,2.332365e+06,3.525232e-01,-1.508504e-01,-1.445043e+00,2.458789e-18,3,4720
1.071886e-08,-6.017744e-03,2.179738e-03,2.500032e-02,-5.614758e+05,2.033861e+05,2.332610e+06,3.508581e-03,-1.254731e-03,-1.454884e-02,2.458789e-18,3,47163
0.000000e+00,-1.500313e-07,-1.411588e-07,2.081246e-07,0.000000e+00,0.000000e+00,0.000000e+00,6.074185e+07,5.616809e+07,-8.273136e+07,5.476561e-18,4,0
6.977273e-10,-1.837544e-03,-1.697922e-03,2.500043e-03,-2.633822e+06,-2.433689e+06,3.583393e+06,4.209354e-01,3.846641e-01,-5.642508e-01,5.476561e-18,4,3070
6.976591e-09,-1.837519e-02,-1.697895e-02,2.500000e-02,-2.633868e+06,-2.433732e+06,3.583455e+06,4.186793e-03,3.867440e-03,-5.663411e-03,5.476561e-18,4,30697
0.000000e+00,1.523615e-07,1.471205e-07,4.842774e-07,0.000000e+00,0.000000e+00,0.000000e+00,-1.040290e+07,-1.022922e+07,-3.296718e+07,3.038093e-18,5,0
1.022955e-09,7.901825e-04,7.815911e-04,2.500114e-03,7.729104e+05,7.645179e+05,2.445454e+06,-3.874055e-01,-3.893399e-01,-1.219357e+00,3.038093e-18,5,4501
1.022318e-08,7.901610e-03,7.815808e-03,2.500035e-02,7.729730e+05,7.645808e+05,2.445652e+06,-3.901375e-03,-3.848866e-03,-1.221513e-02,3.038093e-18,5,44982
0.000000e+00,6.882305e-08,-1.715775e-07,2.810779e-07,0.000000e+00,0.000000e+00,0.000000e+00,-1.780563e+07,4.527669e+07,-7.359110e+07,4.771448e-18,6,0
7.295455e-10,6.045195e-04,-1.540584e-03,2.500676e-03,8.287675e+05,-2.112083e+06,3.428320e+06,-2.240538e-01,5.813349e-01,-9.343965e-01,4.771448e-18,6,3210
7.292273e-09,6.043635e-03,-1.540197e-02,2.500039e-02,8.287934e+05,-2.112150e+06,3.428427e+06,-2.234008e-03,5.791505e-03,-9.355033e-03,4.771448e-18,6,32086
0.000000e+00,-2.324851e-07,4.753530e-08,2.604886e-07,0.000000e+00,0.000000e+00,0.000000e+00,5.337154e+07,-1.099167e+07,-5.938050e+07,4.550937e-18,7,0
8.772727e-10,-2.250756e-03,4.642966e-04,2.500334e-03,-2.566118e+06,5.293526e+05,2.850656e+06,5.805799e-01,-1.208288e-01,-6.392672e-01,4.550937e-18,7,3860
8.770000e-09,-2.250495e-02,4.642442e-03,2.500037e-02,-2.566199e+06,5.293694e+05,2.850745e+06,5.792833e-03,-1.200001e-03,-6.397650e-03,4.550937e-18,7,38588
0.000000e+00,2.171779e-07,-7.176933e-08,4.197732e-07,0.000000e+00,0.000000e+00,0.000000e+00,-2.019586e+07,7.333323e+06,-3.885279e+07,3.362189e-18,8,0
9.956818e-10,1.301814e-03,-4.852646e-04,2.500233e-03,1.308085e+06,-4.876413e+05,2.512264e+06,-5.564822e-01,2.313599e-01,-1.061569e+00,3.362189e-18,8,4381
9.951364e-09,1.301726e-02,-4.852695e-03,2.500051e-02,1.308173e+06,-4.876777e+05,2.512431e+06,-5.572485e-03,2.083247e-03,-1.069084e-02,3.362189e-18,8,43786
0.000000e+00,1.712027e-07,5.435151e-08,2.131843e-07,0.000000e+00,0.000000e+00,0.000000e+00,-7.923223e+07,-2.519495e+07,-9.801913e+07,5.753229e-18,9,0
5.986364e-10,2.022425e-03,6.433635e-04,2.500937e-03,3.378593e+06,1.074782e+06,4.177972e+06,-5.797777e-01,-1.856596e-01,-7.125728e-01,5.753229e-18,9,2634
5.983864e-09,2.021716e-02,6.431386e-03,2.500056e-02,3.378648e+06,1.074799e+06,4.178039e+06,-5.801729e-03,-1.858867e-03,-7.132357e-03,5.753229e-18,9,26329
0.000000e+00,2.450825e-07,-9.983380e-08,3.102525e-07,0.000000e+00,0.000000e+00,0.000000e+00,-3.670318e+07,1.493770e+07,-4.567893e+07,3.937477e-18,10,0
1.007500e-09,2.016734e-03,-8.211139e-04,2.500168e-03,2.002332e+06,-8.152503e+05,2.482291e+06,-5.607803e-01,2.284715e-01,-6.831920e-01,3.937477e-18,10,4433
1.007136e-08,2.016627e-02,-8.210704e-03,2.500013e-02,2.002421e+06,-8.152867e+05,2.482400e+06,-5.549590e-03,2.261621e-03,-6.861967e-03,3.937477e-18,10,44314
0.000000e+00,2.169840e-07,-1.776457e-08,4.165751e-07,0.000000e+00,0.000000e+00,0.000000e+00,-2.169517e+07,1.549857e+06,-4.142288e+07,3.421149e-18,11,0
9.768182e-10,1.298563e-03,-2.271035e-04,2.500286e-03,1.330004e+06,-2.326219e+05,2.560819e+06,-5.782286e-01,8.623076e-02,-1.106521e+00,3.421149e-18,11,4298
9.762500e-09,1.298420e-02,-2.270942e-03,2.500007e-02,1.330093e+06,-2.326352e+05,2.560990e+06,-5.795065e-03,7.950326e-04,-1.112478e-02,3.421149e-18,11,42955
0.000000e+00,-1.290202e-07,-9.131350e-09,4.099875e-07,0.000000e+00,0.000000e+00,0.000000e+00,1.632847e+07,1.071137e+06,-5.131618e+07,3.736274e-18,12,0
8.345455e-10,-8.099861e-04,-5.665686e-05,2.500001e-03,-9.709910e+05,-6.791783e+04,2.996900e+06,4.596479e-01,3.060664e-02,-1.402634e+00,3.736274e-18,12,3672
8.342045e-09,-8.100077e-03,-5.665750e-04,2.500038e-02,-9.710516e+05,-6.792187e+04,2.997085e+06,4.568550e-03,3.241386e-04,-1.403917e-02,3.736274e-18,12,36705
0.000000e+00,-8.375255e-08,-2.744647e-08,6.419926e-07,0.000000e+00,0.000000e+00,0.000000e+00,2.869369e+06,1.196069e+06,-2.399865e+07,2.480809e-18,13,0
1.065682e-09,-2.815879e-04,-1.306794e-04,2.500406e-03,-2.644194e+05,-1.227430e+05,2.348248e+06,1.584969e-01,8.866997e-02,-1.556208e+00,2.480809e-18,13,4689
1.064636e-08,-2.815117e-03,-1.306760e-03,2.500030e-02,-2.644461e+05,-1.227580e+05,2.348510e+06,1.718437e-03,8.842813e-04,-1.564166e-02,2.480809e-18,13,46844
0.000000e+00,-1.353462e-07,4.524254e-09,5.671154e-07,0.000000e+00,0.000000e+00,0.000000e+00,6.921666e+06,-3.015608e+05,-2.865843e+07,2.757716e-18,14,0
1.045909e-09,-5.840246e-04,-7.940616e-05,2.500493e-03,-5.588208e+05,-7.603221e+04,2.392552e+06,3.516317e-01,6.019408e-02,-1.470607e+00,2.757716e-18,14,4602
1.044932e-08,-5.839297e-03,-7.944455e-04,2.500053e-02,-5.588789e+05,-7.604217e+04,2.392795e+06,3.564183e-03,6.168523e-04,-1.481403e-02,2.757716e-18,14,45977
0.000000e+00,8.887477e-08,7.047227e-08,1.616783e-07,0.000000e+00,0.000000e+00,0.000000e+00,-1.152740e+08,-9.167228e+07,-2.094961e+08,8.113493e-18,15,0
2.959091e-10,1.376137e-03,1.094401e-03,2.500897e-03,4.650428e+06,3.698348e+06,8.451371e+06,-4.853293e-01,-3.865706e-01,-8.802601e-01,8.113493e-18,15,1302
2.958182e-09,1.375689e-02,1.094045e-02,2.500084e-02,4.650451e+06,3.698366e+06,8.451412e+06,-4.856470e-03,-3.868243e-03,-8.808338e-03,8.113493e-18,15,13016
0.000000e+00,1.232564e-07,-2.015920e-07,2.802721e-07,0.000000e+00,0.000000e+00,0.000000e+00,-2.537662e+07,4.161444e+07,-5.678242e+07,4.378914e-18,16,0
8.927273e-10,1.119996e-03,-1.837653e-03,2.500222e-03,1.254858e+06,-2.058932e+06,2.801261e+06,-3.148717e-01,5.184225e-01,-6.928572e-01,4.378914e-18,16,3928
8.924545e-09,1.119908e-02,-1.837510e-02,2.500009e-02,1.254902e+06,-2.059005e+06,2.801359e+06,-3.129603e-03,5.164019e-03,-6.972740e-03,4.378914e-18,16,39268
0.000000e+00,2.026803e-07,-8.806668e-09,3.876132e-07,0.000000e+00,0.000000e+00,0.000000e+00,-2.384998e+07,4.315714e+05,-4.530672e+07,3.674633e-18,17,0
9.138636e-10,1.332771e-03,1.089069e-04,2.500506e-03,1.458997e+06,1.192811e+05,2.737304e+06,-5.931999e-01,-5.935010e-02,-1.102904e+00,3.674633e-18,17,4021
9.133182e-09,1.332532e-02,1.089374e-03,2.500037e-02,1.459083e+06,1.192897e+05,2.737464e+06,-5.928188e-03,-5.825659e-04,-1.104915e-02,3.674633e-18,17,40186
0.000000e+00,1.665814e-07,-6.100034e-08,2.406728e-07,0.000000e+00,0.000000e+00,0.000000e+00,-6.247628e+07,2.263419e+07,-8.960663e+07,5.366677e-18,18,0
6.375000e-10,1.744552e-03,-6.315843e-04,2.500290e-03,2.736825e+06,-9.908166e+05,3.922406e+06,-5.874925e-01,2.108083e-01,-8.351652e-01,5.366677e-18,18,2805
6.373636e-09,1.744364e-02,-6.315144e-03,2.500015e-02,2.736884e+06,-9.908379e+05,3.922490e+06,-5.877175e-03,2.101155e-03,-8.355218e-03,5.366677e-18,18,28044
0.000000e+00,-8.662665e-08,2.243812e-07,5.251772e-07,0.000000e+00,0.000000e+00,0.000000e+00,4.550213e+06,-1.188876e+07,-2.732942e+07,2.779223e-18,19,0
1.091364e-09,-4.171871e-04,1.094128e-03,2.500430e-03,-3.825195e+05,1.003218e+06,2.292631e+06,1.993186e-01,-5.280509e-01,-1.186130e+00,2.779223e-18,19,4802
1.090455e-08,-4.171199e-03,1.093963e-02,2.500009e-02,-3.825538e+05,1.003309e+06,2.292835e+06,1.979708e-03,-5.203027e-03,-1.188367e-02,2.779223e-18,19,47980
0.000000e+00,-5.832973e-08,7.016633e-08,1.865952e-07,0.000000e+00,0.000000e+00,0.000000e+00,6.523623e+07,-7.847326e+07,-2.080034e+08,7.714345e-18,20,0
2.970455e-10,-7.844554e-04,9.436292e-04,2.501066e-03,-2.640807e+06,3.176653e+06,8.419636e+06,3.661950e-01,-4.404120e-01,-1.163084e+00,7.714345e-18,20,1307
2.969318e-09,-7.841450e-03,9.432558e-03,2.500075e-02,-2.640824e+06,3.176674e+06,8.419690e+06,3.661830e-03,-4.407862e-03,-1.164010e-02,7.714345e-18,20,13065
0.000000e+00,-2.578803e-07,-1.559972e-08,4.601310e-07,0.000000e+00,0.000000e+00,0.000000e+00,1.747420e+07,8.138357e+05,-3.180256e+07,3.045115e-18,21,0
1.065909e-09,-1.379883e-03,-6.198352e-05,2.500072e-03,-1.295296e+06,-5.817460e+04,2.346814e+06,5.959747e-01,2.253802e-02,-1.072217e+00,3.045115e-18,21,4690
1.065295e-08,-1.379874e-02,-6.197361e-04,2.500051e-02,-1.295397e+06,-5.817840e+04,2.346994e+06,5.858137e-03,2.336885e-04,-1.078064e-02,3.045115e-18,21,46873
0.000000e+00,-7.904546e-09,-1.929968e-07,3.309930e-07,0.000000e+00,0.000000e+00,0.000000e+00,1.671027e+06,3.472335e+07,-5.887614e+07,4.188849e-18,22,0
8.279545e-10,-7.262365e-05,-1.478595e-03,2.500273e-03,-8.774547e+04,-1.786353e+06,3.020665e+06,3.361111e-02,6.109034e-01,-1.019208e+00,4.188849e-18,22,3643
8.276364e-09,-7.262149e-04,-1.478458e-02,2.500024e-02,-8.774986e+04,-1.786433e+06,3.020798e+06,3.104523e-04,6.095891e-03,-1.021584e-02,4.188849e-18,22,36416
0.000000e+00,1.148431e-07,3.953699e-08,6.441120e-07,0.000000e+00,0.000000e+00,0.000000e+00,-4.185022e+06,-1.454698e+06,-2.313087e+07,2.450824e-18,23,0
1.083182e-09,4.529934e-04,1.598831e-04,2.500079e-03,4.185627e+05,1.477328e+05,2.310020e+06,-2.772214e-01,-9.880311e-02,-1.511122e+00,2.450824e-18,23,4766
1.082250e-08,4.529891e-03,1.598836e-03,2.500018e-02,4.186101e+05,1.477497e+05,2.310279e+06,-2.754706e-03,-9.630519e-04,-1.515317e-02,2.450824e-18,23,47619
0.000000e+00,-1.093912e-07,-1.504075e-07,2.058062e-07,0.000000e+00,0.000000e+00,0.000000e+00,5.065540e+07,7.079647e+07,-9.614908e+07,5.781252e-18,24,0
6.109091e-10,-1.316956e-03,-1.841802e-03,2.500123e-03,-2.155852e+06,-3.015031e+06,4.092697e+06,3.444098e-01,4.871207e-01,-6.561625e-01,5.781252e-18,24,2688
6.108409e-09,-1.316890e-02,-1.841715e-02,2.500001e-02,-2.155885e+06,-3.015078e+06,4.092760e+06,3.443591e-03,4.870449e-03,-6.562786e-03,5.781252e-18,24,26877
0.000000e+00,-2.882532e-07,-3.161921e-08,4.318766e-07,0.000000e+00,0.000000e+00,0.000000e+00,2.130670e+07,2.539645e+06,-3.023865e+07,3.087943e-18,25,0
1.137955e-09,-1.778349e-03,-2.147939e-04,2.500008e-03,-1.563609e+06,-1.888644e+05,2.198062e+06,6.257622e-01,7.871200e-02,-8.517782e-01,3.087943e-18,25,5007
1.137386e-08,-1.778426e-02,-2.148112e-03,2.500046e-02,-1.563721e+06,-1.888785e+05,2.198215e+06,6.113022e-03,7.383754e-04,-8.593464e-03,3.087943e-18,25,50045
0.000000e+00,2.022144e-08,-1.161282e-07,4.749953e-07,0.000000e+00,0.000000e+00,0.000000e+00,-1.740161e+06,1.014678e+07,-4.086113e+07,3.282949e-18,26,0
9.147727e-10,1.081026e-04,-6.266749e-04,2.500398e-03,1.182412e+05,-6.854473e+05,2.734846e+06,-6.466850e-02,3.728958e-01,-1.455227e+00,3.282949e-18,26,4025
9.141364e-09,1.080888e-03,-6.265936e-03,2.500029e-02,1.182505e+05,-6.855012e+05,2.735056e+06,-6.505555e-04,3.735147e-03,-1.460697e-02,3.282949e-18,26,40222
0.000000e+00,2.228845e-07,1.165286e-07,3.266589e-07,0.000000e+00,0.000000e+00,0.000000e+00,-3.225039e+07,-1.701431e+07,-4.680758e+07,3.894004e-18,27,0
9.740909e-10,1.727512e-03,9.126868e-04,2.500004e-03,1.774031e+06,9.372690e+05,2.567310e+06,-5.449657e-01,-2.905463e-01,-7.794221e-01,3.894004e-18,27,4286
9.737955e-09,1.727549e-02,9.127108e-03,2.500043e-02,1.774115e+06,9.373137e+05,2.567430e+06,-5.444927e-03,-2.886598e-03,-7.830771e-03,3.894004e-18,27,42847
0.000000e+00,1.636693e-07,-1.253487e-07,2.641361e-07,0.000000e+00,0.000000e+00,0.000000e+00,-4.374242e+07,3.366656e+07,-6.998925e+07,4.790825e-18,28,0
7.700000e-10,1.564972e-03,-1.204853e-03,2.500602e-03,2.032770e+06,-1.565006e+06,3.248064e+06,-4.907377e-01,3.781730e-01,-7.757122e-01,4.790825e-18,28,3388
7.697045e-09,1.564640e-02,-1.204598e-02,2.500063e-02,2.032830e+06,-1.565052e+06,3.248158e+06,-4.897475e-03,3.772554e-03,-7.777429e-03,4.790825e-18,28,33867
0.000000e+00,1.776160e-07,1.073700e-07,2.784691e-07,0.000000e+00,0.000000e+00,0.000000e+00,-4.234989e+07,-2.601694e+07,-6.628213e+07,4.620847e-18,29,0
7.929545e-10,1.598781e-03,9.841398e-04,2.500326e-03,2.016622e+06,1.241352e+06,3.153782e+06,-5.289503e-01,-3.298864e-01,-8.232590e-01,4.620847e-18,29,3489
7.927045e-09,1.598594e-02,9.840301e-03,2.500030e-02,2.016689e+06,1.241393e+06,3.153885e+06,-5.292151e-03,-3.286016e-03,-8.242547e-03,4.620847e-18,29,34879
