0.000000e+00,-1.695409e-07,4.441819e-08,4.724091e-07,0.000000e+00,0.000000e+00,0.000000e+00,1.323080e+07,-3.001496e+06,-3.735015e+07,3.190249e-18,0,0
9.620455e-10,-8.854387e-04,1.917217e-04,2.500538e-03,-9.208853e+05,1.993708e+05,2.600649e+06,4.718790e-01,-8.746855e-02,-1.333180e+00,3.190249e-18,0,4233
9.613182e-09,-8.852656e-03,1.916601e-03,2.500056e-02,-9.209570e+05,1.993841e+05,2.600852e+06,4.732812e-03,-8.963926e-04,-1.335211e-02,3.190249e-18,0,42298
0.000000e+00,-6.651611e-08,2.439257e-07,4.060294e-07,0.000000e+00,0.000000e+00,0.000000e+00,6.075854e+06,-2.262488e+07,-3.724988e+07,3.357220e-18,1,0
1.030682e-09,-4.073237e-04,1.523669e-03,2.500246e-03,-3.953817e+05,1.479014e+06,2.426948e+06,1.570256e-01,-5.959997e-01,-9.659585e-01,3.357220e-18,1,4535
1.030114e-08,-4.072888e-03,1.523555e-02,2.500036e-02,-3.954073e+05,1.479111e+06,2.427105e+06,1.580029e-03,-5.929996e-03,-9.683469e-03,3.357220e-18,1,45325
0.000000e+00,2.300067e-07,1.183324e-07,5.234360e-07,0.000000e+00,0.000000e+00,0.000000e+00,-1.175666e+07,-6.223485e+06,-2.651620e+07,2.751210e-18,2,0
1.115227e-09,1.116697e-03,5.941888e-04,2.500189e-03,1.001994e+06,5.331681e+05,2.243353e+06,-5.106278e-01,-2.779601e-01,-1.130643e+00,2.751210e-18,2,4907
1.114409e-08,1.116630e-02,5.941665e-03,2.500012e-02,1.002084e+06,5.332171e+05,2.243552e+06,-5.077014e-03,-2.701514e-03,-1.136688e-02,2.751210e-18,2,49034
0.000000e+00,-8.286560e-08,-1.897472e-07,2.041143e-07,0.000000e+00,0.000000e+00,0.000000e+00,3.374724e+07,7.741773e+07,-8.276160e+07,5.513624e-18,3,0
6.986364e-10,-1.019874e-03,-2.339834e-03,2.500002e-03,-1.459916e+06,-3.349395e+06,3.578664e+06,2.255142e-01,5.179143e-01,-5.495858e-01,5.513624e-18,3,3074
6.985909e-09,-1.019889e-02,-2.339869e-02,2.500036e-02,-1.459941e+06,-3.349452e+06,3.578725e+06,2.253748e-03,5.176408e-03,-5.499216e-03,5.513624e-18,3,30738
0.000000e+00,-4.124885e-09,-6.500496e-08,6.659946e-07,0.000000e+00,0.000000e+00,0.000000e+00,1.512073e+05,2.268147e+06,-2.251867e+07,2.401116e-18,4,0
1.081591e-09,2.219682e-06,-2.579918e-04,2.500284e-03,2.059580e+03,-2.387456e+05,2.313670e+06,-2.446819e-03,1.664461e-01,-1.566594e+00,2.401116e-18,4,4759
1.080545e-08,2.225012e-05,-2.579750e-03,2.500025e-02,2.059991e+03,-2.387740e+05,2.313938e+06,1.288503e-05,1.644709e-03,-1.574989e-02,2.401116e-18,4,47544
0.000000e+00,1.814059e-07,-8.344271e-08,1.860311e-07,0.000000e+00,0.000000e+00,0.000000e+00,-8.941963e+07,4.108132e+07,-9.129147e+07,5.872694e-18,5,0
6.470455e-10,2.450159e-03,-1.125616e-03,2.500585e-03,3.786868e+06,-1.739707e+06,3.864801e+06,-4.969272e-01,2.281640e-01,-5.042854e-01,5.872694e-18,5,2847
6.468636e-09,2.449600e-02,-1.125359e-02,2.500012e-02,3.786919e+06,-1.739731e+06,3.864853e+06,-4.969283e-03,2.281609e-03,-5.046385e-03,5.872694e-18,5,28462
0.000000e+00,-3.941110e-08,-4.264912e-08,5.126042e-07,0.000000e+00,0.000000e+00,0.000000e+00,2.916740e+06,3.232409e+06,-3.749955e+07,3.114619e-18,6,0
9.261364e-10,-2.117814e-04,-2.157587e-04,2.500351e-03,-2.288232e+05,-2.331172e+05,2.701426e+06,1.379836e-01,1.412137e-01,-1.575923e+00,3.114619e-18,6,4075
9.254545e-09,-2.117654e-03,-2.157397e-03,2.500052e-02,-2.288434e+05,-2.331379e+05,2.701657e+06,1.361726e-03,1.408284e-03,-1.577428e-02,3.114619e-18,6,40720
0.000000e+00,-1.387144e-07,-2.159721e-07,2.879095e-07,0.000000e+00,0.000000e+00,0.000000e+00,2.437956e+07,3.788644e+07,-5.015691e+07,4.158582e-18,7,0
9.656818e-10,-1.217704e-03,-1.892027e-03,2.500011e-03,-1.261304e+06,-1.959769e+06,2.589511e+06,3.231323e-01,5.017031e-01,-6.567918e-01,4.158582e-18,7,4249
9.654318e-09,-1.217707e-02,-1.892030e-02,2.500006e-02,-1.261353e+06,-1.959846e+06,2.589612e+06,3.223209e-03,5.004539e-03,-6.574750e-03,4.158582e-18,7,42479
0.000000e+00,2.562162e-07,4.179249e-08,4.906162e-07,0.000000e+00,0.000000e+00,0.000000e+00,-1.533632e+07,-2.351566e+06,-2.872484e+07,2.893671e-18,8,0
1.097955e-09,1.345565e-03,2.009455e-04,2.500400e-03,1.226295e+06,1.831231e+05,2.278719e+06,-5.942268e-01,-8.343335e-02,-1.081044e+00,2.893671e-18,8,4831
1.097114e-08,1.345384e-02,2.009071e-03,2.500014e-02,1.226398e+06,1.831375e+05,2.278907e+06,-5.872423e-03,-8.138226e-04,-1.084947e-02,2.893671e-18,8,48273
0.000000e+00,-7.650757e-08,2.446776e-07,3.015993e-07,0.000000e+00,0.000000e+00,0.000000e+00,1.234849e+07,-3.983045e+07,-4.847219e+07,4.054232e-18,9,0
9.750000e-10,-6.384921e-04,2.061944e-03,2.500316e-03,-6.550476e+05,2.115415e+06,2.565137e+06,1.786531e-01,-5.805372e-01,-6.933714e-01,4.054232e-18,9,4290
9.746136e-09,-6.384204e-03,2.061719e-02,2.500026e-02,-6.550752e+05,2.115504e+06,2.565244e+06,1.788770e-03,-5.787169e-03,-6.948645e-03,4.054232e-18,9,42883
0.000000e+00,1.094522e-07,8.913433e-08,4.472601e-07,0.000000e+00,0.000000e+00,0.000000e+00,-1.071337e+07,-8.752981e+06,-4.358871e+07,3.425244e-18,10,0
9.009091e-10,6.123004e-04,5.026052e-04,2.500270e-03,6.799881e+05,5.581699e+05,2.776664e+06,-3.409468e-01,-2.820315e-01,-1.390548e+00,3.425244e-18,10,3964
9.003636e-09,6.122384e-03,5.025572e-03,2.500014e-02,6.800366e+05,5.582100e+05,2.776862e+06,-3.438492e-03,-2.842236e-03,-1.395528e-02,3.425244e-18,10,39616
0.000000e+00,5.115264e-08,-1.390859e-07,3.915026e-07,0.000000e+00,0.000000e+00,0.000000e+00,-6.939841e+06,1.913858e+07,-5.332966e+07,3.835155e-18,11,0
8.350000e-10,3.234308e-04,-9.018627e-04,2.500118e-03,3.874897e+05,-1.080503e+06,2.995311e+06,-1.682180e-01,4.800234e-01,-1.312226e+00,3.835155e-18,11,3674
8.346364e-09,3.234145e-03,-9.018306e-03,2.500006e-02,3.875119e+05,-1.080566e+06,2.995484e+06,-1.681353e-03,4.794192e-03,-1.312801e-02,3.835155e-18,11,36724
0.000000e+00,-5.673729e-08,-7.556813e-08,2.279406e-07,0.000000e+00,0.000000e+00,0.000000e+00,3.781679e+07,5.034286e+07,-1.514885e+08,6.496394e-18,12,0
3.990909e-10,-6.242766e-04,-8.310554e-04,2.500348e-03,-1.564277e+06,-2.082411e+06,6.265226e+06,3.180831e-01,4.233796e-01,-1.268780e+00,6.496394e-18,12,1756
3.990455e-09,-6.242223e-03,-8.309830e-03,2.500129e-02,-1.564297e+06,-2.082438e+06,6.265306e+06,3.181421e-03,4.234586e-03,-1.269007e-02,6.496394e-18,12,17558
0.000000e+00,-2.020792e-07,7.785754e-08,3.950832e-07,0.000000e+00,0.000000e+00,0.000000e+00,2.237143e+07,-8.406338e+06,-4.270157e+07,3.566845e-18,13,0
9.540909e-10,-1.326968e-03,4.781647e-04,2.500090e-03,-1.391447e+06,5.013821e+05,2.621523e+06,5.804344e-01,-2.007417e-01,-1.067435e+00,3.566845e-18,13,4198
9.536591e-09,-1.326968e-02,4.781491e-03,2.500045e-02,-1.391534e+06,5.014124e+05,2.621684e+06,5.789810e-03,-2.012084e-03,-1.069060e-02,3.566845e-18,13,41961
0.000000e+00,-2.541273e-07,1.102269e-08,3.639267e-07,0.000000e+00,0.000000e+00,0.000000e+00,2.948272e+07,-9.909201e+05,-4.140259e+07,3.615751e-18,14,0
1.010909e-09,-1.789924e-03,5.536308e-05,2.500134e-03,-1.771320e+06,5.477628e+04,2.474115e+06,6.266221e-01,-1.317090e-02,-8.578225e-01,3.615751e-18,14,4448
1.010477e-08,-1.789882e-02,5.535069e-04,2.500043e-02,-1.771420e+06,5.477839e+04,2.474252e+06,6.193380e-03,-1.749707e-04,-8.601369e-03,3.615751e-18,14,44461
0.000000e+00,1.783141e-07,-1.963746e-07,2.682421e-07,0.000000e+00,0.000000e+00,0.000000e+00,-3.338014e+07,3.679840e+07,-4.982721e+07,4.251350e-18,15,0
9.906818e-10,1.678400e-03,-1.850407e-03,2.500224e-03,1.694579e+06,-1.868245e+06,2.524315e+06,-3.838991e-01,4.234097e-01,-5.659995e-01,4.251350e-18,15,4359
9.903864e-09,1.678294e-02,-1.850290e-02,2.500056e-02,1.694639e+06,-1.868311e+06,2.524404e+06,-3.823904e-03,4.216473e-03,-5.666334e-03,4.251350e-18,15,43577
0.000000e+00,-2.160605e-07,1.178728e-07,4.530347e-07,0.000000e+00,0.000000e+00,0.000000e+00,1.761094e+07,-9.582385e+06,-3.343302e+07,3.119670e-18,16,0
1.070682e-09,-1.322434e-03,7.402953e-04,2.500155e-03,-1.235813e+06,6.918163e+05,2.336305e+06,5.393353e-01,-3.075140e-01,-9.852124e-01,3.119670e-18,16,4711
1.070068e-08,-1.322404e-02,7.402901e-03,2.500010e-02,-1.235904e+06,6.918684e+05,2.336472e+06,5.313288e-03,-2.970692e-03,-1.000610e-02,3.119670e-18,16,47083
0.000000e+00,8.926008e-08,2.223016e-07,2.301776e-07,0.000000e+00,0.000000e+00,0.000000e+00,-2.395030e+07,-6.092446e+07,-6.237627e+07,4.828127e-18,17,0
8.677273e-10,9.596177e-04,2.445791e-03,2.500296e-03,1.106053e+06,2.819029e+06,2.881841e+06,-2.009497e-01,-5.203999e-01,-5.257385e-01,4.828127e-18,17,3818
8.675000e-09,9.595053e-03,2.445518e-02,2.500008e-02,1.106081e+06,2.819100e+06,2.881913e+06,-2.005573e-03,-5.195832e-03,-5.261497e-03,4.828127e-18,17,38170
0.000000e+00,1.345099e-07,2.139570e-07,2.483264e-07,0.000000e+00,0.000000e+00,0.000000e+00,-3.093418e+07,-4.819985e+07,-5.588026e+07,4.527624e-18,18,0
9.304545e-10,1.388194e-03,2.158669e-03,2.500577e-03,1.492233e+06,2.320438e+06,2.687964e+06,-3.069240e-01,-4.704471e-01,-5.423809e-01,4.527624e-18,18,4094
9.300682e-09,1.387884e-02,2.158174e-02,2.500000e-02,1.492278e+06,2.320508e+06,2.688044e+06,-3.040184e-03,-4.721003e-03,-5.441791e-03,4.527624e-18,18,40923
0.000000e+00,1.484313e-07,-1.496075e-07,5.761061e-07,0.000000e+00,0.000000e+00,0.000000e+00,-6.551290e+06,6.678114e+06,-2.523442e+07,2.618764e-18,19,0
1.093182e-09,6.447204e-04,-6.668228e-04,2.500106e-03,5.902019e+05,-6.104472e+05,2.288690e+06,-3.386127e-01,3.565061e-01,-1.311130e+00,2.618764e-18,19,4810
1.092341e-08,6.447015e-03,-6.668158e-03,2.500029e-02,5.902604e+05,-6.105088e+05,2.288917e+06,-3.390233e-03,3.533673e-03,-1.318606e-02,2.618764e-18,19,48063
0.000000e+00,1.125691e-07,8.936470e-08,3.660685e-07,0.000000e+00,0.000000e+00,0.000000e+00,-1.869715e+07,-1.478442e+07,-5.997977e+07,4.082211e-18,20,0
7.890909e-10,7.823369e-04,6.196161e-04,2.500531e-03,9.917750e+05,7.854920e+05,3.169915e+06,-4.117557e-01,-3.257089e-01,-1.294922e+00,4.082211e-18,20,3472
7.886818e-09,7.821987e-03,6.195062e-03,2.500067e-02,9.918263e+05,7.855326e+05,3.170077e+06,-4.113692e-03,-3.257431e-03,-1.295942e-02,4.082211e-18,20,34702
0.000000e+00,-9.844332e-08,-2.157006e-07,4.501366e-07,0.000000e+00,0.000000e+00,0.000000e+00,7.598617e+06,1.663379e+07,-3.428815e+07,3.155421e-18,21,0
1.033636e-09,-5.564892e-04,-1.217511e-03,2.500333e-03,-5.386761e+05,-1.178537e+06,2.420269e+06,2.470735e-01,5.397440e-01,-1.094489e+00,3.155421e-18,21,4548
1.032955e-08,-5.564283e-03,-1.217376e-02,2.500031e-02,-5.387164e+05,-1.178625e+06,2.420448e+06,2.456759e-03,5.363390e-03,-1.096559e-02,3.155421e-18,21,45450
0.000000e+00,-1.371819e-07,8.619835e-08,2.974732e-07,0.000000e+00,0.000000e+00,0.000000e+00,3.539645e+07,-2.210826e+07,-7.628789e+07,4.737326e-18,22,0
7.000000e-10,-1.161606e-03,7.251880e-04,2.500345e-03,-1.659756e+06,1.036179e+06,3.572597e+06,5.103411e-01,-3.167201e-01,-1.089893e+00,4.737326e-18,22,3080
6.997727e-09,-1.161459e-02,7.250945e-03,2.500021e-02,-1.659813e+06,1.036214e+06,3.572718e+06,5.101902e-03,-3.164617e-03,-1.090471e-02,4.737326e-18,22,30790
0.000000e+00,4.091248e-08,3.219929e-08,2.663958e-07,0.000000e+00,0.000000e+00,0.000000e+00,-2.052745e+07,-1.608765e+07,-1.329746e+08,5.907748e-18,23,0
4.445455e-10,3.860899e-04,3.025023e-04,2.500006e-03,8.685572e+05,6.805156e+05,5.624063e+06,-2.372352e-01,-1.849582e-01,-1.525753e+00,5.907748e-18,23,1956
4.445227e-09,3.860966e-03,3.025072e-03,2.500045e-02,8.685739e+05,6.805286e+05,5.624170e+06,-2.368923e-03,-1.845693e-03,-1.525806e-02,5.907748e-18,23,19559
0.000000e+00,1.561750e-07,-1.862685e-07,4.204293e-07,0.000000e+00,0.000000e+00,0.000000e+00,-1.383805e+07,1.658167e+07,-3.671158e+07,3.306182e-18,24,0
1.024773e-09,9.485051e-04,-1.138834e-03,2.500417e-03,9.260379e+05,-1.111864e+06,2.441158e+06,-3.921645e-01,4.734799e-01,-1.016473e+00,3.306182e-18,24,4509
1.024114e-08,9.483691e-03,-1.138676e-02,2.500028e-02,9.261013e+05,-1.111940e+06,2.441323e+06,-3.897530e-03,4.690851e-03,-1.019644e-02,3.306182e-18,24,45061
0.000000e+00,-5.088800e-08,1.176655e-07,6.512915e-07,0.000000e+00,0.000000e+00,0.000000e+00,1.788520e+06,-4.114158e+06,-2.262319e+07,2.420935e-18,25,0
1.091591e-09,-2.015287e-04,4.427824e-04,2.500016e-03,-1.847795e+05,4.059684e+05,2.292186e+06,1.232556e-01,-2.642367e-01,-1.503797e+00,2.420935e-18,25,4803
1.090682e-08,-2.015354e-03,4.427824e-03,2.500045e-02,-1.848008e+05,4.060140e+05,2.292445e+06,1.238582e-03,-2.685909e-03,-1.513228e-02,2.420935e-18,25,47990
0.000000e+00,1.681303e-07,-8.701082e-08,4.755996e-07,0.000000e+00,0.000000e+00,0.000000e+00,-1.275669e+07,6.520027e+06,-3.554548e+07,3.138183e-18,26,0
9.868182e-10,9.078297e-04,-4.546586e-04,2.500095e-03,9.204977e+05,-4.609930e+05,2.534935e+06,-4.733872e-01,2.315358e-01,-1.277129e+00,3.138183e-18,26,4342
9.862273e-09,9.078206e-03,-4.546446e-03,2.500026e-02,9.205715e+05,-4.610291e+05,2.535135e+06,-4.702258e-03,2.299543e-03,-1.279169e-02,3.138183e-18,26,43394
0.000000e+00,-1.880440e-07,1.067337e-07,4.518771e-07,0.000000e+00,0.000000e+00,0.000000e+00,1.373061e+07,-8.418894e+06,-3.622521e+07,3.211459e-18,27,0
9.900000e-10,-9.428491e-04,5.890479e-04,2.500397e-03,-9.528699e+05,5.953367e+05,2.527046e+06,4.521401e-01,-2.962193e-01,-1.223301e+00,3.211459e-18,27,4356
9.893182e-09,-9.426944e-03,5.889780e-03,2.500056e-02,-9.529407e+05,5.953830e+05,2.527238e+06,4.563121e-03,-2.858933e-03,-1.228206e-02,3.211459e-18,27,43530
0.000000e+00,-2.417386e-08,1.478802e-07,5.455277e-07,0.000000e+00,0.000000e+00,0.000000e+00,1.284445e+06,-8.373998e+06,-3.029892e+07,2.840617e-18,28,0
1.014318e-09,-1.000009e-04,7.077389e-04,2.500180e-03,-9.864867e+04,6.982478e+05,2.466571e+06,5.262227e-02,-4.161533e-01,-1.425723e+00,2.840617e-18,28,4463
1.013568e-08,-9.998749e-04,7.077214e-03,2.500039e-02,-9.865710e+04,6.983145e+05,2.466799e+06,5.452609e-04,-4.132760e-03,-1.428579e-02,2.840617e-18,28,44597
0.000000e+00,-1.243234e-07,1.711587e-07,2.551673e-07,0.000000e+00,0.000000e+00,0.000000e+00,3.430409e+07,-4.719386e+07,-6.971082e+07,4.839704e-18,29,0
7.777273e-10,-1.232433e-03,1.695472e-03,2.500580e-03,-1.584909e+06,2.180376e+06,3.215733e+06,3.603099e-01,-4.956395e-01,-7.227605e-01,4.839704e-18,29,3422
7.774318e-09,-1.232165e-02,1.695102e-02,2.500027e-02,-1.584953e+06,2.180437e+06,3.215822e+06,3.604198e-03,-4.940428e-03,-7.237359e-03,4.839704e-18,29,34207
