0.000000e+00,2.151445e-07,1.064136e-07,5.466797e-07,0.000000e+00,0.000000e+00,0.000000e+00,-1.027504e+07,-5.005154e+06,-2.576646e+07,2.683510e-18,0,0
1.104545e-09,1.004091e-03,4.840844e-04,2.500336e-03,9.097046e+05,4.385710e+05,2.265266e+06,-4.951942e-01,-2.341946e-01,-1.215082e+00,2.683510e-18,0,4860
1.103636e-08,1.003982e-02,4.840228e-03,2.500028e-02,9.097910e+05,4.386119e+05,2.265478e+06,-4.895472e-03,-2.360122e-03,-1.219028e-02,2.683510e-18,0,48560
0.000000e+00,-2.319834e-07,9.604788e-09,2.561583e-07,0.000000e+00,0.000000e+00,0.000000e+00,5.619886e+07,-2.332936e+06,-6.191993e+07,4.630825e-18,1,0
8.525000e-10,-2.270363e-03,9.424046e-05,2.500149e-03,-2.663654e+06,1.105656e+05,2.933242e+06,5.910502e-01,-2.455731e-02,-6.486894e-01,4.630825e-18,1,3751
8.522955e-09,-2.270231e-02,9.423499e-04,2.500000e-02,-2.663734e+06,1.105689e+05,2.933330e+06,5.910262e-03,-2.452297e-04,-6.487685e-03,4.630825e-18,1,37501
0.000000e+00,-1.512912e-07,1.060693e-07,5.086456e-07,0.000000e+00,0.000000e+00,0.000000e+00,9.639488e+06,-6.816974e+06,-3.211713e+07,2.960622e-18,2,0
1.012955e-09,-7.550383e-04,5.350555e-04,2.500176e-03,-7.458590e+05,5.285541e+05,2.469751e+06,4.035138e-01,-2.878427e-01,-1.318828e+00,2.960622e-18,2,4457
1.012250e-08,-7.549961e-03,5.350290e-03,2.500007e-02,-7.459236e+05,5.286002e+05,2.469962e+06,4.026467e-03,-2.846120e-03,-1.320899e-02,2.960622e-18,2,44539
0.000000e+00,1.393159e-07,-1.452711e-07,3.022179e-07,0.000000e+00,0.000000e+00,0.000000e+00,-2.918969e+07,3.036289e+07,-6.306296e+07,4.409883e-18,3,0
8.072727e-10,1.158519e-03,-1.204756e-03,2.500672e-03,1.435438e+06,-1.492725e+06,3.098396e+06,-4.284463e-01,4.446156e-01,-9.199598e-01,4.409883e-18,3,3552
8.068864e-09,1.158241e-02,-1.204465e-02,2.500066e-02,1.435492e+06,-1.492781e+06,3.098513e+06,-4.286550e-03,4.448323e-03,-9.204031e-03,4.409883e-18,3,35503
0.000000e+00,-9.580350e-08,-1.286539e-07,5.532261e-07,0.000000e+00,0.000000e+00,0.000000e+00,5.048450e+06,6.839837e+06,-2.902106e+07,2.781504e-18,4,0
1.029545e-09,-4.353949e-04,-5.932279e-04,2.500545e-03,-4.231975e+05,-5.766155e+05,2.430483e+06,2.465602e-01,3.397316e-01,-1.410356e+00,2.781504e-18,4,4530
1.028614e-08,-4.353068e-03,-5.931144e-03,2.500029e-02,-4.232376e+05,-5.766707e+05,2.430713e+06,2.467025e-03,3.368365e-03,-1.412827e-02,2.781504e-18,4,45259
0.000000e+00,1.897081e-08,-2.374419e-07,2.827665e-07,0.000000e+00,0.000000e+00,0.000000e+00,-3.718131e+06,4.707584e+07,-5.589489e+07,4.330776e-18,5,0
8.977273e-10,1.661807e-04,-2.107289e-03,2.500293e-03,1.851544e+05,-2.347900e+06,2.785773e+06,-4.703358e-02,6.028184e-01,-7.124278e-01,4.330776e-18,5,3950
8.974318e-09,1.661642e-03,-2.107089e-02,2.500051e-02,1.851611e+05,-2.347985e+06,2.785874e+06,-4.752760e-04,6.017722e-03,-7.127293e-03,4.330776e-18,5,39487
0.000000e+00,9.849456e-08,-4.899067e-08,4.554360e-07,0.000000e+00,0.000000e+00,0.000000e+00,-9.631394e+06,4.799493e+06,-4.428622e+07,3.419158e-18,6,0
8.845455e-10,5.449919e-04,-2.725832e-04,2.500320e-03,6.164437e+05,-3.083224e+05,2.828111e+06,-3.226415e-01,1.627038e-01,-1.469681e+00,3.419158e-18,6,3892
8.840000e-09,5.449378e-03,-2.725577e-03,2.500058e-02,6.164888e+05,-3.083451e+05,2.828316e+06,-3.230231e-03,1.634126e-03,-1.470148e-02,3.419158e-18,6,38896
0.000000e+00,1.256299e-07,1.433940e-07,4.949563e-07,0.000000e+00,0.000000e+00,0.000000e+00,-8.389779e+06,-9.727603e+06,-3.311972e+07,3.020637e-18,7,0
1.006136e-09,6.310556e-04,7.393363e-04,2.500344e-03,6.275855e+05,7.352851e+05,2.486606e+06,-3.259221e-01,-3.901163e-01,-1.298073e+00,3.020637e-18,7,4427
1.005386e-08,6.309665e-03,7.392460e-03,2.500002e-02,6.276373e+05,7.353471e+05,2.486813e+06,-3.254632e-03,-3.884659e-03,-1.298985e-02,3.020637e-18,7,44237
0.000000e+00,-5.555493e-08,9.667745e-08,6.644171e-07,0.000000e+00,0.000000e+00,0.000000e+00,1.824595e+06,-3.200676e+06,-2.184393e+07,2.378422e-18,8,0
1.095909e-09,-2.057797e-04,3.681112e-04,2.500490e-03,-1.879320e+05,3.361911e+05,2.283644e+06,1.247338e-01,-2.268508e-01,-1.530508e+00,2.378422e-18,8,4822
1.094750e-08,-2.057385e-03,3.680448e-03,2.500018e-02,-1.879536e+05,3.362303e+05,2.283909e+06,1.272282e-03,-2.257477e-03,-1.534076e-02,2.378422e-18,8,48169
0.000000e+00,-1.213678e-07,-5.327477e-09,4.541111e-07,0.000000e+00,0.000000e+00,0.000000e+00,1.173378e+07,5.497828e+05,-4.365546e+07,3.408203e-18,9,0
8.922727e-10,-6.747049e-04,-3.316445e-05,2.500096e-03,-7.565564e+05,-3.719071e+04,2.803374e+06,3.935097e-01,2.125044e-02,-1.444952e+00,3.408203e-18,9,3926
8.917955e-09,-6.746954e-03,-3.316652e-04,2.500043e-02,-7.566119e+05,-3.719371e+04,2.803578e+06,3.929025e-03,2.153832e-04,-1.445087e-02,3.408203e-18,9,39239
