0.000000e+00,-1.377950e-07,-2.129258e-07,4.670185e-07,0.000000e+00,0.000000e+00,0.000000e+00,9.326380e+06,1.451555e+07,-3.124230e+07,3.021809e-18,0,0
1.073182e-09,-7.490361e-04,-1.169126e-03,2.500435e-03,-6.983628e+05,-1.090041e+06,2.331257e+06,3.222275e-01,5.071725e-01,-1.064961e+00,3.021809e-18,0,4722
1.072386e-08,-7.489150e-03,-1.168945e-02,2.500009e-02,-6.984175e+05,-1.090127e+06,2.331437e+06,3.195636e-03,5.022370e-03,-1.069231e-02,3.021809e-18,0,47185
0.000000e+00,1.924598e-07,1.275960e-07,3.765953e-07,0.000000e+00,0.000000e+00,0.000000e+00,-2.262540e+07,-1.498082e+07,-4.373178e+07,3.632841e-18,1,0
9.640909e-10,1.299365e-03,8.593640e-04,2.500586e-03,1.348312e+06,8.917346e+05,2.594759e+06,-5.146295e-01,-3.395057e-01,-9.772340e-01,3.632841e-18,1,4242
9.635000e-09,1.299102e-02,8.591884e-03,2.500057e-02,1.348390e+06,8.917863e+05,2.594908e+06,-5.130242e-03,-3.387120e-03,-9.794258e-03,3.632841e-18,1,42394
0.000000e+00,1.991514e-07,-8.324142e-08,2.191714e-07,0.000000e+00,0.000000e+00,0.000000e+00,-6.875519e+07,2.856493e+07,-7.503334e+07,5.213107e-18,2,0
7.527273e-10,2.293195e-03,-9.522391e-04,2.500604e-03,3.046830e+06,-1.265181e+06,3.322394e+06,-5.294939e-01,2.187276e-01,-5.724461e-01,5.213107e-18,2,3312
7.524773e-09,2.292682e-02,-9.520247e-03,2.500039e-02,3.046893e+06,-1.265207e+06,3.322462e+06,-5.282476e-03,2.184240e-03,-5.732689e-03,5.213107e-18,2,33109
0.000000e+00,7.100280e-08,-2.614616e-07,3.077247e-07,0.000000e+00,0.000000e+00,0.000000e+00,-1.026528e+07,3.837510e+07,-4.463306e+07,3.914231e-18,3,0
1.024318e-09,5.749754e-04,-2.154980e-03,2.500484e-03,5.614923e+05,-2.104461e+06,2.441851e+06,-1.521486e-01,5.779784e-01,-6.631606e-01,3.914231e-18,3,4507
1.023818e-08,5.748676e-03,-2.154591e-02,2.500018e-02,5.615169e+05,-2.104555e+06,2.441958e+06,-1.530303e-03,5.743803e-03,-6.650281e-03,3.914231e-18,3,45048
0.000000e+00,-7.275442e-08,-2.859128e-08,1.921172e-07,0.000000e+00,0.000000e+00,0.000000e+00,8.125592e+07,3.190545e+07,-2.152574e+08,7.728974e-18,4,0
2.870455e-10,-9.440450e-04,-3.706789e-04,2.500984e-03,-3.288763e+06,-1.291331e+06,8.712665e+06,4.822726e-01,1.892064e-01,-1.281941e+00,7.728974e-18,4,1263
2.869545e-09,-9.437322e-03,-3.705561e-03,2.500157e-02,-3.288785e+06,-1.291340e+06,8.712723e+06,4.825284e-03,1.892736e-03,-1.282850e-02,7.728974e-18,4,12626
0.000000e+00,-1.907998e-07,1.658686e-07,2.586897e-07,0.000000e+00,0.000000e+00,0.000000e+00,4.054060e+07,-3.526000e+07,-5.447321e+07,4.434810e-18,5,0
9.377273e-10,-1.863689e-03,1.621112e-03,2.500036e-03,-1.987857e+06,1.729119e+06,2.666590e+06,4.337451e-01,-3.776003e-01,-5.760750e-01,4.434810e-18,5,4126
9.375455e-09,-1.863713e-02,1.621134e-02,2.500059e-02,-1.987921e+06,1.729175e+06,2.666676e+06,4.327714e-03,-3.763139e-03,-5.765211e-03,4.434810e-18,5,41252
0.000000e+00,-1.415345e-07,1.699631e-07,4.157185e-07,0.000000e+00,0.000000e+00,0.000000e+00,1.368315e+07,-1.652216e+07,-3.998475e+07,3.409964e-18,6,0
9.781818e-10,-8.576014e-04,1.036629e-03,2.500325e-03,-8.771457e+05,1.060257e+06,2.557293e+06,3.771450e-01,-4.579345e-01,-1.092042e+00,3.409964e-18,6,4304
9.776136e-09,-8.575114e-03,1.036524e-02,2.500050e-02,-8.772040e+05,1.060328e+06,2.557462e+06,3.782155e-03,-4.550241e-03,-1.093781e-02,3.409964e-18,6,43015
0.000000e+00,5.851655e-08,-8.991628e-09,3.738071e-07,0.000000e+00,0.000000e+00,0.000000e+00,-1.125249e+07,1.627084e+06,-6.933759e+07,4.244768e-18,7,0
7.111364e-10,4.092858e-04,-5.908907e-05,2.500500e-03,5.757258e+05,-8.311552e+04,3.517265e+06,-2.635790e-01,3.592378e-02,-1.542043e+00,4.244768e-18,7,3129
7.107955e-09,4.092255e-03,-5.907853e-04,2.500072e-02,5.757554e+05,-8.311955e+04,3.517439e+06,-2.642086e-03,3.590323e-04,-1.547205e-02,4.244768e-18,7,31275
0.000000e+00,-2.307675e-07,-6.328446e-08,3.438249e-07,0.000000e+00,0.000000e+00,0.000000e+00,3.172185e+07,8.995434e+06,-4.672133e+07,3.832651e-18,8,0
9.561364e-10,-1.704216e-03,-4.859543e-04,2.500506e-03,-1.783020e+06,-5.084341e+05,2.616112e+06,5.996809e-01,1.759224e-01,-8.684139e-01,3.832651e-18,8,4207
9.556364e-09,-1.703924e-02,-4.858793e-03,2.500059e-02,-1.783111e+06,-5.084607e+05,2.616243e+06,5.982936e-03,1.715162e-03,-8.703011e-03,3.832651e-18,8,42048
0.000000e+00,-2.306986e-07,5.484027e-08,3.652548e-07,0.000000e+00,0.000000e+00,0.000000e+00,2.826455e+07,-7.270130e+06,-4.459106e+07,3.688234e-18,9,0
9.650000e-10,-1.586745e-03,4.153829e-04,2.500109e-03,-1.644923e+06,4.306307e+05,2.591767e+06,5.953258e-01,-1.652888e-01,-9.327595e-01,3.688234e-18,9,4246
9.645909e-09,-1.586682e-02,4.153830e-03,2.500003e-02,-1.645014e+06,4.306559e+05,2.591909e+06,5.987977e-03,-1.561604e-03,-9.360953e-03,3.688234e-18,9,42442
0.000000e+00,-3.136322e-08,-1.370474e-08,3.480163e-07,0.000000e+00,0.000000e+00,0.000000e+00,7.809805e+06,3.105904e+06,-8.090233e+07,4.593194e-18,10,0
6.443182e-10,-2.435675e-04,-9.578558e-05,2.500246e-03,-3.781255e+05,-1.486960e+05,3.881384e+06,1.643640e-01,5.990292e-02,-1.597901e+00,4.593194e-18,10,2835
6.441136e-09,-2.435572e-03,-9.577785e-04,2.500070e-02,-3.781422e+05,-1.487021e+05,3.881546e+06,1.628175e-03,5.980433e-04,-1.598671e-02,4.593194e-18,10,28341
0.000000e+00,1.593823e-07,1.413941e-07,5.753536e-07,0.000000e+00,0.000000e+00,0.000000e+00,-7.096709e+06,-6.241418e+06,-2.508831e+07,2.617239e-18,11,0
1.095455e-09,7.104415e-04,6.241942e-04,2.500225e-03,6.490284e+05,5.702320e+05,2.284053e+06,-3.774445e-01,-3.291539e-01,-1.305131e+00,2.617239e-18,11,4820
1.094568e-08,7.104051e-03,6.241573e-03,2.500050e-02,6.490937e+05,5.702890e+05,2.284279e+06,-3.720046e-03,-3.268409e-03,-1.309155e-02,2.617239e-18,11,48161
0.000000e+00,-1.726187e-08,-1.683405e-07,2.855299e-07,0.000000e+00,0.000000e+00,0.000000e+00,4.849051e+06,4.637014e+07,-7.794179e+07,4.834424e-18,12,0
6.952273e-10,-1.559477e-04,-1.489324e-03,2.500152e-03,-2.243519e+05,-2.142581e+06,3.596770e+06,6.487826e-02,6.105948e-01,-1.015122e+00,4.834424e-18,12,3059
6.950682e-09,-1.559407e-03,-1.489249e-02,2.500016e-02,-2.243590e+05,-2.142648e+06,3.596882e+06,6.455118e-04,6.094847e-03,-1.015808e-02,4.834424e-18,12,30583
0.000000e+00,4.269034e-08,5.226219e-08,1.361077e-07,0.000000e+00,0.000000e+00,0.000000e+00,-1.218980e+08,-1.491473e+08,-3.878397e+08,1.054397e-17,13,0
1.611364e-10,7.859623e-04,9.616571e-04,2.500664e-03,4.877429e+06,5.967735e+06,1.551831e+07,-3.637298e-01,-4.448414e-01,-1.155002e+00,1.054397e-17,13,709
1.611136e-09,7.858246e-03,9.614886e-03,2.500225e-02,4.877439e+06,5.967746e+06,1.551834e+07,-3.638590e-03,-4.449992e-03,-1.155409e-02,1.054397e-17,13,7089
0.000000e+00,1.540363e-07,-2.206486e-07,2.942652e-07,0.000000e+00,0.000000e+00,0.000000e+00,-2.451108e+07,3.512556e+07,-4.635799e+07,4.024691e-18,14,0
1.013182e-09,1.324789e-03,-1.898090e-03,2.500374e-03,1.307919e+06,-1.873919e+06,2.468521e+06,-3.378900e-01,4.837614e-01,-6.311481e-01,4.024691e-18,14,4458
1.012750e-08,1.324599e-02,-1.897817e-02,2.500002e-02,1.307973e+06,-1.873996e+06,2.468622e+06,-3.364282e-03,4.819216e-03,-6.325265e-03,4.024691e-18,14,44561
0.000000e+00,6.032405e-08,1.796427e-07,3.005705e-07,0.000000e+00,0.000000e+00,0.000000e+00,-1.358486e+07,-4.035787e+07,-6.695548e+07,4.515110e-18,15,0
7.734091e-10,5.081958e-04,1.509602e-03,2.500124e-03,6.572306e+05,1.952310e+06,3.233300e+06,-1.978610e-01,-5.868040e-01,-9.620305e-01,4.515110e-18,15,3403
7.732045e-09,5.081763e-03,1.509543e-02,2.500016e-02,6.572547e+05,1.952382e+06,3.233418e+06,-1.976418e-03,-5.847354e-03,-9.627613e-03,4.515110e-18,15,34021
0.000000e+00,2.219300e-07,-1.607435e-07,2.949613e-07,0.000000e+00,0.000000e+00,0.000000e+00,-3.444926e+07,2.473101e+07,-4.523333e+07,3.985671e-18,16,0
1.029545e-09,1.908571e-03,-1.367538e-03,2.500099e-03,1.854329e+06,-1.328666e+06,2.429032e+06,-4.776719e-01,3.389491e-01,-6.182667e-01,3.985671e-18,16,4530
1.029227e-08,1.908531e-02,-1.367504e-02,2.500033e-02,1.854407e+06,-1.328722e+06,2.429132e+06,-4.737892e-03,3.394730e-03,-6.197424e-03,3.985671e-18,16,45286
0.000000e+00,-1.130441e-07,-4.544827e-08,1.677316e-07,0.000000e+00,0.000000e+00,0.000000e+00,1.274994e+08,5.127451e+07,-1.876679e+08,7.731410e-18,17,0
3.293182e-10,-1.699514e-03,-6.834691e-04,2.501267e-03,-5.160617e+06,-2.075371e+06,7.595151e+06,5.768622e-01,2.320109e-01,-8.423714e-01,7.731410e-18,17,1449
3.291591e-09,-1.698674e-02,-6.831313e-03,2.500028e-02,-5.160647e+06,-2.075383e+06,7.595195e+06,5.753991e-03,2.313739e-03,-8.444305e-03,7.731410e-18,17,14483
0.000000e+00,-6.516645e-08,-9.240849e-08,4.205862e-07,0.000000e+00,0.000000e+00,0.000000e+00,8.056790e+06,1.144791e+07,-5.113584e+07,3.689033e-18,18,0
8.372727e-10,-3.931359e-04,-5.641169e-04,2.500404e-03,-4.697489e+05,-6.740563e+05,2.987658e+06,2.280126e-01,3.313095e-01,-1.440418e+00,3.689033e-18,18,3684
8.367727e-09,-3.930746e-03,-5.640340e-03,2.500001e-02,-4.697790e+05,-6.741002e+05,2.987849e+06,2.246266e-03,3.283652e-03,-1.445414e-02,3.689033e-18,18,36818
0.000000e+00,-2.297448e-07,1.429304e-08,3.390491e-07,0.000000e+00,0.000000e+00,0.000000e+00,3.368873e+07,-1.795211e+06,-4.889261e+07,3.918942e-18,19,0
9.306818e-10,-1.730239e-03,8.888122e-05,2.500344e-03,-1.859738e+06,9.552572e+04,2.687456e+06,6.274813e-01,-2.814740e-02,-8.913774e-01,3.918942e-18,19,4095
9.302500e-09,-1.730027e-02,8.886339e-04,2.500014e-02,-1.859830e+06,9.552986e+04,2.687587e+06,6.256614e-03,-2.764846e-04,-8.925364e-03,3.918942e-18,19,40931
0.000000e+00,8.489210e-08,4.047773e-09,3.194372e-07,0.000000e+00,0.000000e+00,0.000000e+00,-2.398219e+07,-1.333980e+06,-8.810752e+07,4.856579e-18,20,0
6.156818e-10,6.827277e-04,3.827526e-05,2.500436e-03,1.109112e+06,6.218213e+04,4.061995e+06,-4.047508e-01,-2.482981e-02,-1.449389e+00,4.856579e-18,20,2709
6.154773e-09,6.826381e-03,3.827188e-04,2.500084e-02,1.109152e+06,6.218455e+04,4.062136e+06,-4.048791e-03,-2.449264e-04,-1.450264e-02,4.856579e-18,20,27081
0.000000e+00,-1.289808e-07,-5.423603e-08,5.655100e-07,0.000000e+00,0.000000e+00,0.000000e+00,6.570713e+06,2.761129e+06,-2.895188e+07,2.758328e-18,21,0
1.023864e-09,-5.692239e-04,-2.358660e-04,2.500390e-03,-5.563525e+05,-2.305311e+05,2.443858e+06,3.316597e-01,1.368037e-01,-1.461136e+00,2.758328e-18,21,4505
1.022977e-08,-5.691363e-03,-2.358283e-03,2.500013e-02,-5.564061e+05,-2.305532e+05,2.444095e+06,3.306316e-03,1.364301e-03,-1.466779e-02,2.758328e-18,21,45011
0.000000e+00,-2.235572e-07,-8.892966e-08,5.245082e-07,0.000000e+00,0.000000e+00,0.000000e+00,1.195902e+07,4.736282e+06,-2.749507e+07,2.783863e-18,22,0
1.091818e-09,-1.092601e-03,-4.332442e-04,2.500211e-03,-1.001397e+06,-3.970782e+05,2.291467e+06,5.246542e-01,2.075244e-01,-1.179954e+00,2.783863e-18,22,4804
1.091023e-08,-1.092546e-02,-4.332211e-03,2.500042e-02,-1.001487e+06,-3.971140e+05,2.291670e+06,5.185127e-03,2.056570e-03,-1.185848e-02,2.783863e-18,22,48005
0.000000e+00,-1.091921e-07,2.640507e-07,3.252980e-07,0.000000e+00,0.000000e+00,0.000000e+00,1.349630e+07,-3.289009e+07,-4.005215e+07,3.706051e-18,23,0
1.076591e-09,-8.433945e-04,2.059102e-03,2.500365e-03,-7.836635e+05,1.913281e+06,2.323278e+06,2.253060e-01,-5.543414e-01,-6.651994e-01,3.706051e-18,23,4737
1.076068e-08,-8.432770e-03,2.058824e-02,2.500011e-02,-7.837019e+05,1.913375e+06,2.323391e+06,2.251951e-03,-5.497333e-03,-6.669992e-03,3.706051e-18,23,47347
0.000000e+00,-1.811727e-08,1.634320e-07,1.675056e-07,0.000000e+00,0.000000e+00,0.000000e+00,1.402173e+07,-1.266387e+08,-1.292690e+08,6.827861e-18,24,0
4.715909e-10,-2.711946e-04,2.449547e-03,2.500125e-03,-5.750662e+05,5.194247e+06,5.301496e+06,6.297784e-02,-5.705553e-01,-5.798912e-01,6.827861e-18,24,2075
4.715682e-09,-2.711844e-03,2.449455e-02,2.500031e-02,-5.750709e+05,5.194290e+06,5.301539e+06,6.300312e-04,-5.703405e-03,-5.800480e-03,6.827861e-18,24,20749
0.000000e+00,-1.701397e-09,8.834570e-08,6.290062e-07,0.000000e+00,0.000000e+00,0.000000e+00,-2.851576e+03,-3.413812e+06,-2.500070e+07,2.529821e-18,25,0
1.054318e-09,6.785567e-06,3.298609e-04,2.500109e-03,6.451643e+03,3.131030e+05,2.373224e+06,-9.745877e-03,-1.961256e-01,-1.552081e+00,2.529821e-18,25,4639
1.053432e-08,6.795987e-05,3.298334e-03,2.500030e-02,6.453264e+03,3.131357e+05,2.373483e+06,-2.894999e-05,-2.053017e-03,-1.559484e-02,2.529821e-18,25,46351
0.000000e+00,5.195011e-08,-1.719602e-07,4.674164e-07,0.000000e+00,0.000000e+00,0.000000e+00,-4.291784e+06,1.394925e+07,-3.749838e+07,3.207469e-18,26,0
9.675000e-10,2.889258e-04,-9.332547e-04,2.500423e-03,2.988026e+05,-9.651419e+05,2.585834e+06,-1.535895e-01,4.866875e-01,-1.290227e+00,3.207469e-18,26,4257
9.668182e-09,2.888881e-03,-9.331183e-03,2.500036e-02,2.988261e+05,-9.652163e+05,2.586031e+06,-1.512925e-03,4.840561e-03,-1.294102e-02,3.207469e-18,26,42540
0.000000e+00,-1.991973e-08,1.270260e-07,5.654886e-07,0.000000e+00,0.000000e+00,0.000000e+00,1.076721e+06,-6.788783e+06,-2.904799e+07,2.770781e-18,27,0
1.020000e-09,-9.856112e-05,6.034033e-04,2.500543e-03,-9.670537e+04,5.920246e+05,2.453261e+06,6.195770e-02,-3.706309e-01,-1.467366e+00,2.770781e-18,27,4488
1.019068e-08,-9.854910e-04,6.033125e-03,2.500041e-02,-9.671535e+04,5.920843e+05,2.453498e+06,6.348123e-04,-3.692693e-03,-1.470992e-02,2.770781e-18,27,44839
0.000000e+00,7.517352e-08,-8.209967e-08,2.352981e-07,0.000000e+00,0.000000e+00,0.000000e+00,-4.275163e+07,4.667756e+07,-1.330994e+08,6.161224e-18,28,0
4.490909e-10,8.032402e-04,-8.769682e-04,2.500070e-03,1.788661e+06,-1.952838e+06,5.567166e+06,-3.834874e-01,4.184504e-01,-1.187275e+00,6.161224e-18,28,1976
4.490682e-09,8.032366e-03,-8.769641e-03,2.500056e-02,1.788688e+06,-1.952868e+06,5.567251e+06,-3.832082e-03,4.184139e-03,-1.187464e-02,6.161224e-18,28,19759
0.000000e+00,-4.433933e-09,-1.504930e-08,3.904683e-07,0.000000e+00,0.000000e+00,0.000000e+00,7.022434e+05,2.460640e+06,-6.611766e+07,4.112351e-18,29,0
7.261364e-10,-2.524277e-05,-9.333765e-05,2.500152e-03,-3.477293e+04,-1.285811e+05,3.444239e+06,1.490831e-02,5.816030e-02,-1.601140e+00,4.112351e-18,29,3195
7.258636e-09,-2.524062e-04,-9.333297e-04,2.500064e-02,-3.477464e+04,-1.285878e+05,3.444423e+06,1.186312e-04,5.846157e-04,-1.610122e-02,4.112351e-18,29,31938
