0.000000e+00,-1.428496e-07,-1.818327e-07,3.989487e-07,0.000000e+00,0.000000e+00,0.000000e+00,1.465111e+07,1.929539e+07,-4.113617e+07,3.484663e-18,0,0
9.834091e-10,-8.885408e-04,-1.183009e-03,2.500403e-03,-9.039213e+05,-1.203513e+06,2.543693e+06,3.585865e-01,4.915276e-01,-1.013114e+00,3.484663e-18,0,4327
9.828409e-09,-8.884132e-03,-1.182864e-02,2.500052e-02,-9.039770e+05,-1.203589e+06,2.543851e+06,3.656105e-03,4.825162e-03,-1.021494e-02,3.484663e-18,0,43245
0.000000e+00,-1.558523e-07,-1.380575e-07,3.758802e-07,0.000000e+00,0.000000e+00,0.000000e+00,2.003359e+07,1.736184e+07,-4.733684e+07,3.739791e-18,1,0
9.159091e-10,-1.064766e-03,-9.150444e-04,2.500219e-03,-1.162989e+06,-9.994410e+05,2.730824e+06,4.625852e-01,3.892977e-01,-1.064726e+00,3.739791e-18,1,4030
9.154773e-09,-1.064693e-02,-9.149687e-03,2.500015e-02,-1.163056e+06,-9.994974e+05,2.730978e+06,4.624943e-03,3.863103e-03,-1.068687e-02,3.739791e-18,1,40281
0.000000e+00,-1.603549e-08,1.795582e-08,2.584653e-07,0.000000e+00,0.000000e+00,0.000000e+00,8.671352e+06,-1.041507e+07,-1.486116e+08,6.181540e-18,2,0
4.029545e-10,-1.458766e-04,1.753829e-04,2.500918e-03,-3.620278e+05,4.352596e+05,6.206679e+06,9.184166e-02,-1.131125e-01,-1.590556e+00,6.181540e-18,2,1773
4.027955e-09,-1.458245e-03,1.753220e-03,2.500043e-02,-3.620337e+05,4.352668e+05,6.206780e+06,9.357680e-04,-1.136597e-03,-1.594873e-02,6.181540e-18,2,17723
0.000000e+00,1.681547e-07,1.444460e-08,3.743983e-07,0.000000e+00,0.000000e+00,0.000000e+00,-2.475345e+07,-2.064235e+06,-5.419428e+07,3.909022e-18,3,0
8.422727e-10,1.147802e-03,9.454855e-05,2.500234e-03,1.363244e+06,1.122924e+05,2.969492e+06,-5.613261e-01,-4.431974e-02,-1.199662e+00,3.909022e-18,3,3706
8.419091e-09,1.147733e-02,9.454050e-04,2.500053e-02,1.363319e+06,1.122983e+05,2.969651e+06,-5.587394e-03,-4.451618e-04,-1.202799e-02,3.909022e-18,3,37044
0.000000e+00,-2.412351e-07,1.085121e-07,5.191573e-07,0.000000e+00,0.000000e+00,0.000000e+00,1.262609e+07,-5.493369e+06,-2.674672e+07,2.758850e-18,4,0
1.115682e-09,-1.171851e-03,4.893491e-04,2.500319e-03,-1.051043e+06,4.388800e+05,2.242542e+06,5.304361e-01,-2.113997e-01,-1.122706e+00,2.758850e-18,4,4909
1.114818e-08,-1.171722e-02,4.892722e-03,2.500026e-02,-1.051137e+06,4.389173e+05,2.242740e+06,5.314807e-03,-2.219287e-03,-1.133986e-02,2.758850e-18,4,49052
0.000000e+00,-2.243721e-07,1.522752e-07,4.002831e-07,0.000000e+00,0.000000e+00,0.000000e+00,2.006555e+07,-1.410325e+07,-3.478998e+07,3.323345e-18,5,0
1.081364e-09,-1.458788e-03,1.039512e-03,2.500393e-03,-1.349674e+06,9.617830e+05,2.313321e+06,5.134433e-01,-3.777970e-01,-8.558576e-01,3.323345e-18,5,4758
1.080705e-08,-1.458600e-02,1.039403e-02,2.500019e-02,-1.349762e+06,9.618475e+05,2.313467e+06,5.041334e-03,-3.605412e-03,-8.599258e-03,3.323345e-18,5,47551
0.000000e+00,1.046633e-07,-4.887051e-08,6.562489e-07,0.000000e+00,0.000000e+00,0.000000e+00,-3.708662e+06,1.709992e+06,-2.243177e+07,2.411086e-18,6,0
1.091818e-09,4.182332e-04,-1.952308e-04,2.500328e-03,3.834038e+05,-1.789712e+05,2.292015e+06,-2.618366e-01,1.213549e-01,-1.516430e+00,2.411086e-18,6,4804
1.090750e-08,4.181969e-03,-1.952125e-03,2.500014e-02,3.834489e+05,-1.789921e+05,2.292277e+06,-2.554708e-03,1.162573e-03,-1.521609e-02,2.411086e-18,6,47993
0.000000e+00,1.169662e-07,7.359843e-08,2.782934e-07,0.000000e+00,0.000000e+00,0.000000e+00,-3.926765e+07,-2.485037e+07,-9.259212e+07,5.163000e-18,7,0
6.068182e-10,1.061575e-03,6.721779e-04,2.500477e-03,1.749642e+06,1.107857e+06,4.121164e+06,-4.915514e-01,-3.132377e-01,-1.146992e+00,5.163000e-18,7,2670
6.066364e-09,1.061404e-02,6.720708e-03,2.500065e-02,1.749689e+06,1.107887e+06,4.121274e+06,-4.911589e-03,-3.132879e-03,-1.147999e-02,5.163000e-18,7,26692
0.000000e+00,8.061732e-08,1.358040e-07,4.845036e-07,0.000000e+00,0.000000e+00,0.000000e+00,-6.182914e+06,-1.051244e+07,-3.667517e+07,3.152544e-18,8,0
9.615909e-10,4.201528e-04,7.244246e-04,2.500486e-03,4.371904e+05,7.538123e+05,2.601866e+06,-2.317882e-01,-4.064019e-01,-1.369420e+00,3.152544e-18,8,4231
9.608636e-09,4.200810e-03,7.243115e-03,2.500043e-02,4.372256e+05,7.538741e+05,2.602075e+06,-2.317311e-03,-4.026675e-03,-1.373628e-02,3.152544e-18,8,42278
0.000000e+00,3.214363e-08,-1.167396e-07,2.525286e-07,0.000000e+00,0.000000e+00,0.000000e+00,-1.494300e+07,5.356858e+07,-1.144457e+08,5.727548e-18,9,0
5.118182e-10,3.269820e-04,-1.171450e-03,2.500922e-03,6.389119e+05,-2.288967e+06,4.886688e+06,-1.561814e-01,5.543439e-01,-1.170989e+00,5.727548e-18,9,2252
5.115909e-09,3.268639e-03,-1.171023e-02,2.500004e-02,6.389246e+05,-2.289012e+06,4.886783e+06,-1.559642e-03,5.539453e-03,-1.172305e-02,5.727548e-18,9,22510
0.000000e+00,-2.037874e-07,-4.623370e-08,3.549276e-07,0.000000e+00,0.000000e+00,0.000000e+00,2.946050e+07,6.741221e+06,-5.078952e+07,3.900450e-18,10,0
8.938636e-10,-1.454146e-03,-3.345821e-04,2.500226e-03,-1.627379e+06,-3.744446e+05,2.798062e+06,5.979219e-01,1.398307e-01,-1.016699e+00,3.900450e-18,10,3933
8.934773e-09,-1.454032e-02,-3.345588e-03,2.500014e-02,-1.627464e+06,-3.744644e+05,2.798206e+06,5.953708e-03,1.405532e-03,-1.018758e-02,3.900450e-18,10,39313
0.000000e+00,1.478124e-07,-1.825239e-08,2.790746e-07,0.000000e+00,0.000000e+00,0.000000e+00,-4.711379e+07,5.958721e+06,-8.792966e+07,5.071302e-18,11,0
6.331818e-10,1.341447e-03,-1.700427e-04,2.500131e-03,2.118882e+06,-2.685930e+05,3.949064e+06,-5.938158e-01,7.679569e-02,-1.093473e+00,5.071302e-18,11,2786
6.330682e-09,1.341406e-02,-1.700388e-03,2.500044e-02,2.118941e+06,-2.686007e+05,3.949174e+06,-5.921170e-03,7.561487e-04,-1.094345e-02,5.071302e-18,11,27855
0.000000e+00,5.783402e-08,1.535401e-07,1.808784e-07,0.000000e+00,0.000000e+00,0.000000e+00,-3.983165e+07,-1.057289e+08,-1.239437e+08,6.562871e-18,12,0
4.888636e-10,8.037549e-04,2.133457e-03,2.500524e-03,1.644153e+06,4.364178e+06,5.115044e+06,-2.092975e-01,-5.553761e-01,-6.473428e-01,6.562871e-18,12,2151
4.887727e-09,8.036219e-03,2.133104e-02,2.500109e-02,1.644169e+06,4.364221e+06,5.115094e+06,-2.090399e-03,-5.551333e-03,-6.477769e-03,6.562871e-18,12,21506
0.000000e+00,-1.066911e-07,-1.056703e-07,3.065212e-07,0.000000e+00,0.000000e+00,0.000000e+00,2.688138e+07,2.679406e+07,-7.675223e+07,4.703766e-18,13,0
6.922727e-10,-8.765669e-04,-8.745537e-04,2.500773e-03,-1.266471e+06,-1.263566e+06,3.613126e+06,4.100033e-01,4.119285e-01,-1.162863e+00,4.703766e-18,13,3046
6.919318e-09,-8.763168e-03,-8.743066e-03,2.500053e-02,-1.266515e+06,-1.263611e+06,3.613254e+06,4.081762e-03,4.119235e-03,-1.164642e-02,4.703766e-18,13,30445
0.000000e+00,-1.045470e-07,1.706070e-08,1.285344e-07,0.000000e+00,0.000000e+00,0.000000e+00,2.259867e+08,-3.529480e+07,-2.762357e+08,9.621711e-18,14,0
2.259091e-10,-2.046309e-03,3.195759e-04,2.501279e-03,-9.057822e+06,1.414573e+06,1.107171e+07,6.040565e-01,-9.294031e-02,-7.360275e-01,9.621711e-18,14,994
2.258182e-09,-2.045431e-02,3.194380e-03,2.500205e-02,-9.057843e+06,1.414576e+06,1.107173e+07,6.045779e-03,-9.302040e-04,-7.366609e-03,9.621711e-18,14,9936
0.000000e+00,-6.943106e-08,-4.117013e-08,3.952501e-07,0.000000e+00,0.000000e+00,0.000000e+00,1.049499e+07,6.270027e+06,-6.040855e+07,3.982737e-18,15,0
7.668182e-10,-4.344484e-04,-2.619163e-04,2.500683e-03,-5.667633e+05,-3.416899e+05,3.262309e+06,2.611191e-01,1.612549e-01,-1.519504e+00,3.982737e-18,15,3374
7.663409e-09,-4.343364e-03,-2.618523e-03,2.500054e-02,-5.667950e+05,-3.417094e+05,3.262493e+06,2.609535e-03,1.632639e-03,-1.522160e-02,3.982737e-18,15,33719
0.000000e+00,6.794531e-08,3.757022e-08,4.034877e-07,0.000000e+00,0.000000e+00,0.000000e+00,-9.906822e+06,-5.493852e+06,-5.831914e+07,3.908946e-18,16,0
7.795455e-10,4.261383e-04,2.357916e-04,2.500508e-03,5.468639e+05,3.025904e+05,3.208880e+06,-2.633113e-01,-1.442354e-01,-1.525516e+00,3.908946e-18,16,3430
7.790909e-09,4.260588e-03,2.357466e-03,2.500022e-02,5.468963e+05,3.026081e+05,3.209068e+06,-2.628263e-03,-1.427968e-03,-1.527812e-02,3.908946e-18,16,34280
0.000000e+00,-2.530361e-07,-7.089667e-08,2.671367e-07,0.000000e+00,0.000000e+00,0.000000e+00,4.851004e+07,1.360411e+07,-5.045437e+07,4.282409e-18,17,0
9.840909e-10,-2.410655e-03,-6.763228e-04,2.500143e-03,-2.450186e+06,-6.874138e+05,2.541124e+06,5.518314e-01,1.550676e-01,-5.632051e-01,4.282409e-18,17,4330
9.838182e-09,-2.410545e-02,-6.762924e-03,2.500013e-02,-2.450271e+06,-6.874379e+05,2.541212e+06,5.464830e-03,1.538708e-03,-5.647339e-03,4.282409e-18,17,43288
0.000000e+00,-9.352978e-08,-2.532543e-07,3.637351e-07,0.000000e+00,0.000000e+00,0.000000e+00,9.990943e+06,2.778850e+07,-3.909902e+07,3.544058e-18,18,0
1.048409e-09,-6.380728e-04,-1.785540e-03,2.500086e-03,-6.088498e+05,-1.703793e+06,2.385595e+06,2.045034e-01,5.868624e-01,-8.061049e-01,3.544058e-18,18,4613
1.047977e-08,-6.380621e-03,-1.785539e-02,2.500054e-02,-6.088837e+05,-1.703890e+06,2.385728e+06,2.073776e-03,5.802004e-03,-8.093734e-03,3.544058e-18,18,46111
0.000000e+00,-1.645086e-07,1.441425e-07,4.986204e-07,0.000000e+00,0.000000e+00,0.000000e+00,1.000826e+07,-9.284742e+06,-3.120316e+07,2.952289e-18,19,0
1.039318e-09,-7.933592e-04,7.513920e-04,2.500283e-03,-7.638003e+05,7.234330e+05,2.407185e+06,3.817278e-01,-3.806004e-01,-1.232102e+00,2.952289e-18,19,4573
1.038568e-08,-7.932599e-03,7.513343e-03,2.500027e-02,-7.638630e+05,7.234955e+05,2.407387e+06,3.809600e-03,-3.753414e-03,-1.235274e-02,2.952289e-18,19,45697
0.000000e+00,-3.019715e-08,1.837573e-08,2.263577e-07,0.000000e+00,0.000000e+00,0.000000e+00,2.550242e+07,-1.541156e+07,-1.869860e+08,7.001162e-18,20,0
3.270455e-10,-3.412130e-04,2.062037e-04,2.501258e-03,-1.043320e+06,6.305048e+05,7.648027e+06,2.141543e-01,-1.294102e-01,-1.556055e+00,7.001162e-18,20,1439
3.268864e-09,-3.410499e-03,2.061051e-03,2.500056e-02,-1.043331e+06,6.305115e+05,7.648107e+06,2.148332e-03,-1.296409e-03,-1.557716e-02,7.001162e-18,20,14383
0.000000e+00,-1.090454e-07,3.526114e-08,1.450616e-07,0.000000e+00,0.000000e+00,0.000000e+00,1.731789e+08,-5.758207e+07,-2.306964e+08,8.670653e-18,21,0
2.695455e-10,-1.876752e-03,6.240496e-04,2.500035e-03,-6.962456e+06,2.315131e+06,9.274740e+06,5.822252e-01,-1.949437e-01,-7.742440e-01,8.670653e-18,21,1186
2.695682e-09,-1.876867e-02,6.240889e-03,2.500189e-02,-6.962481e+06,2.315139e+06,9.274773e+06,5.838510e-03,-1.941927e-03,-7.756035e-03,8.670653e-18,21,11861
0.000000e+00,-2.341469e-07,2.174597e-08,3.724162e-07,0.000000e+00,0.000000e+00,0.000000e+00,2.783565e+07,-2.734235e+06,-4.357930e+07,3.647378e-18,22,0
9.704545e-10,-1.605584e-03,1.563834e-04,2.500031e-03,-1.655135e+06,1.612116e+05,2.577157e+06,6.207676e-01,-6.124808e-02,-9.493239e-01,3.647378e-18,22,4270
9.700682e-09,-1.605598e-02,1.563865e-03,2.500024e-02,-1.655231e+06,1.612210e+05,2.577302e+06,6.169863e-03,-5.542069e-04,-9.524948e-03,3.647378e-18,22,42683
0.000000e+00,1.522101e-07,1.183523e-07,5.508277e-07,0.000000e+00,0.000000e+00,0.000000e+00,-7.972567e+06,-6.058869e+06,-2.796386e+07,2.752562e-18,23,0
1.058636e-09,7.257455e-04,5.430036e-04,2.500502e-03,6.860473e+05,5.132867e+05,2.363641e+06,-3.967093e-01,-2.888790e-01,-1.321733e+00,2.752562e-18,23,4658
1.057705e-08,7.256347e-03,5.429056e-03,2.500034e-02,6.861137e+05,5.133350e+05,2.363862e+06,-3.896797e-03,-2.902151e-03,-1.330062e-02,2.752562e-18,23,46539
0.000000e+00,1.101091e-08,2.346900e-07,5.635583e-07,0.000000e+00,0.000000e+00,0.000000e+00,-5.060561e+05,-1.059093e+07,-2.493491e+07,2.630610e-18,24,0
1.111364e-09,4.908802e-05,1.071245e-03,2.500455e-03,4.420124e+04,9.646179e+05,2.251523e+06,-2.433249e-02,-5.401829e-01,-1.236537e+00,2.630610e-18,24,4890
1.110364e-08,4.907942e-04,1.071075e-02,2.500008e-02,4.420552e+04,9.647127e+05,2.251741e+06,-2.509542e-04,-5.324540e-03,-1.242014e-02,2.630610e-18,24,48856
0.000000e+00,-2.596816e-08,-4.669432e-09,6.406796e-07,0.000000e+00,0.000000e+00,0.000000e+00,1.022890e+06,1.941281e+05,-2.460666e+07,2.506267e-18,25,0
1.051818e-09,-1.010883e-04,-2.003913e-05,2.500206e-03,-9.618840e+04,-1.906968e+04,2.378999e+06,6.476697e-02,1.399715e-02,-1.591484e+00,2.506267e-18,25,4628
1.050864e-08,-1.010809e-03,-2.003958e-04,2.500004e-02,-9.619917e+04,-1.907201e+04,2.379264e+06,6.936966e-04,1.304526e-04,-1.597319e-02,2.506267e-18,25,46238
0.000000e+00,8.397093e-08,-1.874145e-07,5.815048e-07,0.000000e+00,0.000000e+00,0.000000e+00,-3.691032e+06,8.208697e+06,-2.493540e+07,2.604107e-18,26,0
1.093182e-09,3.734890e-04,-8.296026e-04,2.500034e-03,3.419171e+05,-7.594730e+05,2.288645e+06,-2.022516e-01,4.486192e-01,-1.324682e+00,2.604107e-18,26,4810
1.092364e-08,3.734974e-03,-8.296197e-03,2.500031e-02,3.419520e+05,-7.595505e+05,2.288874e+06,-1.986857e-03,4.411957e-03,-1.327676e-02,2.604107e-18,26,48064
0.000000e+00,-2.261020e-07,1.270507e-07,4.423137e-07,0.000000e+00,0.000000e+00,0.000000e+00,1.710553e+07,-9.402159e+06,-3.310628e+07,3.135624e-18,27,0
1.064318e-09,-1.305981e-03,7.230654e-04,2.500041e-03,-1.227729e+06,6.797351e+05,2.350210e+06,5.391381e-01,-2.959286e-01,-1.014982e+00,3.135624e-18,27,4683
1.063750e-08,-1.305997e-02,7.230687e-03,2.500038e-02,-1.227819e+06,6.797848e+05,2.350380e+06,5.320491e-03,-2.905541e-03,-1.018579e-02,3.135624e-18,27,46805
0.000000e+00,1.336127e-08,-1.000848e-07,3.117767e-07,0.000000e+00,0.000000e+00,0.000000e+00,-3.972165e+06,2.867978e+07,-8.879891e+07,4.898199e-18,28,0
6.154545e-10,1.126325e-04,-8.089136e-04,2.500915e-03,1.830427e+05,-1.314567e+06,4.064225e+06,-6.599423e-02,4.516018e-01,-1.382259e+00,4.898199e-18,28,2708
6.151364e-09,1.125969e-03,-8.086436e-03,2.500071e-02,1.830491e+05,-1.314611e+06,4.064359e+06,-6.681049e-04,4.525060e-03,-1.385059e-02,4.898199e-18,28,27066
0.000000e+00,-1.089060e-07,1.358317e-08,4.956137e-07,0.000000e+00,0.000000e+00,0.000000e+00,8.358692e+06,-1.020620e+06,-3.821263e+07,3.166510e-18,29,0
9.313636e-10,-5.497119e-04,6.752500e-05,2.500138e-03,-5.905702e+05,7.254188e+04,2.685960e+06,3.290919e-01,-3.910865e-02,-1.492967e+00,3.166510e-18,29,4098
9.307727e-09,-5.496878e-03,6.752020e-04,2.500024e-02,-5.906186e+05,7.254763e+04,2.686180e+06,3.290842e-03,-3.526545e-04,-1.497449e-02,3.166510e-18,29,40954
