0.000000e+00,8.485508e-08,3.766271e-08,4.735487e-07,0.000000e+00,0.000000e+00,0.000000e+00,-7.790933e+06,-2.903842e+06,-4.242895e+07,3.331576e-18,0,0
8.934091e-10,4.693777e-04,1.683599e-04,2.500152e-03,5.256813e+05,1.885312e+05,2.799954e+06,-2.975603e-01,-9.253881e-02,-1.518350e+00,3.331576e-18,0,3931
8.928864e-09,4.693745e-03,1.683380e-03,2.500048e-02,5.257233e+05,1.885442e+05,2.800168e+06,-2.962605e-03,-9.030796e-04,-1.520144e-02,3.331576e-18,0,39287
0.000000e+00,-1.826828e-07,-2.047038e-07,3.013482e-07,0.000000e+00,0.000000e+00,0.000000e+00,2.707782e+07,3.055018e+07,-4.445754e+07,3.936063e-18,1,0
1.033409e-09,-1.526282e-03,-1.723996e-03,2.500217e-03,-1.477377e+06,-1.668760e+06,2.420095e+06,3.914831e-01,4.446580e-01,-6.359945e-01,3.936063e-18,1,4547
1.033023e-08,-1.526168e-02,-1.723871e-02,2.500020e-02,-1.477441e+06,-1.668832e+06,2.420199e+06,3.911935e-03,4.423251e-03,-6.371776e-03,3.936063e-18,1,45453
0.000000e+00,1.576398e-07,-6.948544e-08,3.250137e-07,0.000000e+00,0.000000e+00,0.000000e+00,-3.209505e+07,1.380442e+07,-6.518301e+07,4.362462e-18,2,0
7.727273e-10,1.235436e-03,-5.294889e-04,2.500102e-03,1.599218e+06,-6.853928e+05,3.236244e+06,-5.522584e-01,2.316764e-01,-1.097318e+00,4.362462e-18,2,3400
7.725000e-09,1.235402e-02,-5.294689e-03,2.500013e-02,1.599285e+06,-6.854211e+05,3.236378e+06,-5.513689e-03,2.356548e-03,-1.097961e-02,4.362462e-18,2,33990
0.000000e+00,-1.783014e-07,-8.273932e-08,5.202362e-07,0.000000e+00,0.000000e+00,0.000000e+00,1.063074e+07,5.096156e+06,-3.014906e+07,2.890484e-18,3,0
1.038864e-09,-8.926356e-04,-4.467902e-04,2.500315e-03,-8.598235e+05,-4.303885e+05,2.408337e+06,4.719890e-01,2.475388e-01,-1.284666e+00,2.890484e-18,3,4571
1.038068e-08,-8.925549e-03,-4.467715e-03,2.500019e-02,-8.599010e+05,-4.304291e+05,2.408548e+06,4.660133e-03,2.441820e-03,-1.288650e-02,2.890484e-18,3,45675
0.000000e+00,-8.816634e-08,8.067000e-08,3.715989e-07,0.000000e+00,0.000000e+00,0.000000e+00,1.505626e+07,-1.346767e+07,-6.231988e+07,4.114929e-18,4,0
7.643182e-10,-6.058884e-04,5.421174e-04,2.500175e-03,-7.929864e+05,7.095165e+05,3.272193e+06,3.439756e-01,-3.034124e-01,-1.394866e+00,4.114929e-18,4,3363
7.640227e-09,-6.058627e-03,5.420897e-03,2.500043e-02,-7.930280e+05,7.095532e+05,3.272362e+06,3.434417e-03,-3.035563e-03,-1.395868e-02,4.114929e-18,4,33617
0.000000e+00,3.078339e-11,4.948650e-08,2.869559e-07,0.000000e+00,0.000000e+00,0.000000e+00,-3.877245e+04,-1.974948e+07,-1.161331e+08,5.509923e-18,5,0
4.972727e-10,9.681405e-07,4.251856e-04,2.500620e-03,1.947708e+03,8.551160e+05,5.029159e+06,-1.274676e-03,-2.620066e-01,-1.549291e+00,5.509923e-18,5,2188
4.971136e-09,9.682293e-06,4.250934e-03,2.500084e-02,1.947809e+03,8.551366e+05,5.029280e+06,-1.641336e-05,-2.640837e-03,-1.550842e-02,5.509923e-18,5,21873
0.000000e+00,2.613297e-08,-7.644836e-08,6.348042e-07,0.000000e+00,0.000000e+00,0.000000e+00,-1.240000e+06,3.521309e+06,-2.418604e+07,2.513859e-18,6,0
1.065227e-09,1.426534e-04,-3.927253e-04,2.500434e-03,1.340565e+05,-3.690376e+05,2.349243e+06,-1.019304e-01,2.675977e-01,-1.528192e+00,2.513859e-18,6,4687
1.064182e-08,1.426593e-03,-3.927204e-03,2.500021e-02,1.340736e+05,-3.690826e+05,2.349500e+06,-9.514410e-04,2.629990e-03,-1.537771e-02,2.513859e-18,6,46824
0.000000e+00,-1.792100e-08,2.345258e-08,5.405782e-07,0.000000e+00,0.000000e+00,0.000000e+00,1.098844e+06,-1.528206e+06,-3.432468e+07,2.971189e-18,7,0
9.520455e-10,-9.311246e-05,9.974104e-05,2.500499e-03,-9.787298e+04,1.048364e+05,2.628211e+06,6.113564e-02,-6.742997e-02,-1.607445e+00,2.971189e-18,7,4189
9.512273e-09,-9.309925e-04,9.972359e-04,2.500029e-02,-9.788218e+04,1.048465e+05,2.628453e+06,6.059796e-04,-6.846723e-04,-1.615918e-02,2.971189e-18,7,41854
0.000000e+00,-1.929004e-07,-4.159190e-08,5.838618e-07,0.000000e+00,0.000000e+00,0.000000e+00,8.545887e+06,1.861366e+06,-2.533108e+07,2.609106e-18,8,0
1.086818e-09,-8.501934e-04,-1.718704e-04,2.500297e-03,-7.828764e+05,-1.582550e+05,2.302279e+06,4.643316e-01,9.084467e-02,-1.339660e+00,2.609106e-18,8,4782
1.085886e-08,-8.501142e-03,-1.718471e-03,2.500013e-02,-7.829561e+05,-1.582706e+05,2.302509e+06,4.589000e-03,9.980705e-04,-1.350263e-02,2.609106e-18,8,47779
0.000000e+00,-6.162346e-08,4.483670e-09,4.485492e-07,0.000000e+00,0.000000e+00,0.000000e+00,6.755226e+06,-3.024038e+05,-4.823504e+07,3.549895e-18,9,0
8.422727e-10,-3.587437e-04,1.375668e-05,2.500016e-03,-4.261424e+05,1.633399e+04,2.969630e+06,2.326575e-01,-4.449150e-03,-1.576284e+00,3.549895e-18,9,3706
8.418636e-09,-3.587548e-03,1.375126e-04,2.500032e-02,-4.261734e+05,1.633459e+04,2.969839e+06,2.331305e-03,-6.771732e-05,-1.577917e-02,3.549895e-18,9,37042
0.000000e+00,1.194500e-07,2.457770e-07,3.360346e-07,0.000000e+00,0.000000e+00,0.000000e+00,-1.505250e+07,-3.048810e+07,-4.122882e+07,3.705886e-18,10,0
1.044318e-09,9.198425e-04,1.854839e-03,2.500107e-03,8.811315e+05,1.776762e+06,2.394851e+06,-2.764115e-01,-5.482821e-01,-7.299137e-01,3.705886e-18,10,4595
1.043909e-08,9.198227e-03,1.854782e-02,2.500012e-02,8.811771e+05,1.776853e+06,2.394971e+06,-2.734053e-03,-5.455448e-03,-7.314691e-03,3.705886e-18,10,45932
0.000000e+00,1.163592e-07,-9.492515e-08,4.024053e-07,0.000000e+00,0.000000e+00,0.000000e+00,-1.483705e+07,1.225719e+07,-5.094814e+07,3.738280e-18,11,0
8.536364e-10,7.322517e-04,-6.058508e-04,2.500052e-03,8.581613e+05,-7.100304e+05,2.929902e+06,-3.897572e-01,3.252070e-01,-1.309458e+00,3.738280e-18,11,3756
8.532727e-09,7.322484e-03,-6.058517e-03,2.500016e-02,8.582139e+05,-7.100742e+05,2.930079e+06,-3.926252e-03,3.254069e-03,-1.311680e-02,3.738280e-18,11,37544
0.000000e+00,1.309901e-08,2.736674e-07,4.580168e-07,0.000000e+00,0.000000e+00,0.000000e+00,-1.025379e+06,-1.837731e+07,-3.078875e+07,3.011984e-18,12,0
1.091818e-09,9.358688e-05,1.472038e-03,2.500118e-03,8.577612e+04,1.348999e+06,2.291160e+06,-4.327572e-02,-5.975439e-01,-1.017368e+00,3.011984e-18,12,4804
1.091159e-08,9.359495e-04,1.471974e-02,2.500021e-02,8.578358e+04,1.349102e+06,2.291336e+06,-4.199210e-04,-5.901395e-03,-1.022811e-02,3.011984e-18,12,48011
0.000000e+00,-4.441752e-08,-1.032587e-07,5.314771e-07,0.000000e+00,0.000000e+00,0.000000e+00,2.747203e+06,6.819121e+06,-3.322832e+07,2.959357e-18,13,0
9.750000e-10,-2.120281e-04,-5.283931e-04,2.500399e-03,-2.176102e+05,-5.423278e+05,2.566187e+06,1.285411e-01,3.332223e-01,-1.488838e+00,2.959357e-18,13,4290
9.742273e-09,-2.120020e-03,-5.283501e-03,2.500053e-02,-2.176300e+05,-5.423791e+05,2.566417e+06,1.263143e-03,3.250679e-03,-1.492863e-02,2.959357e-18,13,42866
0.000000e+00,-6.349911e-09,5.511873e-08,6.822925e-07,0.000000e+00,0.000000e+00,0.000000e+00,1.926862e+05,-1.946317e+06,-2.167217e+07,2.349302e-18,14,0
1.094091e-09,-4.166495e-06,2.601412e-04,2.500468e-03,-3.803754e+03,2.380112e+05,2.287434e+06,2.855604e-04,-1.764924e-01,-1.558265e+00,2.349302e-18,14,4814
1.092932e-08,-4.157768e-05,2.601284e-03,2.500010e-02,-3.803805e+03,2.380417e+05,2.287704e+06,7.690050e-06,-1.636954e-03,-1.574427e-02,2.349302e-18,14,48089
0.000000e+00,8.688275e-09,9.793237e-08,2.343602e-07,0.000000e+00,0.000000e+00,0.000000e+00,-5.257376e+06,-5.960718e+07,-1.424191e+08,6.310362e-18,15,0
4.220455e-10,9.232654e-05,1.046882e-03,2.501035e-03,2.187659e+05,2.480568e+06,5.926158e+06,-4.638646e-02,-5.302095e-01,-1.264947e+00,6.310362e-18,15,1857
4.218636e-09,9.229007e-04,1.046470e-02,2.500050e-02,2.187690e+05,2.480604e+06,5.926242e+06,-4.641800e-04,-5.306259e-03,-1.265973e-02,6.310362e-18,15,18562
0.000000e+00,3.240013e-09,2.771850e-07,4.078677e-07,0.000000e+00,0.000000e+00,0.000000e+00,-2.831037e+05,-2.362358e+07,-3.362036e+07,3.259046e-18,16,0
1.097727e-09,1.745668e-05,1.796570e-03,2.500316e-03,1.590877e+04,1.637450e+06,2.278796e+06,-5.676263e-03,-6.351369e-01,-8.506336e-01,3.259046e-18,16,4830
1.097091e-08,1.745348e-04,1.796431e-02,2.500049e-02,1.590974e+04,1.637560e+06,2.278944e+06,-6.254112e-05,-6.161933e-03,-8.568353e-03,3.259046e-18,16,48272
0.000000e+00,-3.212550e-08,-3.069580e-08,1.230464e-07,0.000000e+00,0.000000e+00,0.000000e+00,1.435107e+08,1.372096e+08,-5.492564e+08,1.224016e-17,17,0
1.140909e-10,-6.542648e-04,-6.255383e-04,2.504056e-03,-5.734357e+06,-5.482582e+06,2.194701e+07,3.486076e-01,3.334935e-01,-1.333313e+00,1.224016e-17,17,502
1.139318e-09,-6.533289e-03,-6.246436e-03,2.500474e-02,-5.734363e+06,-5.482588e+06,2.194703e+07,3.496087e-03,3.344516e-03,-1.337139e-02,1.224016e-17,17,5013
0.000000e+00,-2.070089e-07,-1.232065e-07,2.550681e-07,0.000000e+00,0.000000e+00,0.000000e+00,4.814131e+07,2.854345e+07,-5.884207e+07,4.570710e-18,18,0
8.875000e-10,-2.049020e-03,-1.214161e-03,2.500058e-03,-2.309186e+06,-1.368322e+06,2.817481e+06,5.041222e-01,2.976388e-01,-6.086903e-01,4.570710e-18,18,3905
8.873182e-09,-2.048991e-02,-1.214142e-02,2.500013e-02,-2.309256e+06,-1.368364e+06,2.817566e+06,5.031430e-03,2.969504e-03,-6.089301e-03,4.570710e-18,18,39042
0.000000e+00,1.919868e-08,-3.943626e-08,6.698020e-07,0.000000e+00,0.000000e+00,0.000000e+00,-7.087965e+05,1.139506e+06,-2.284321e+07,2.397022e-18,19,0
1.078182e-09,8.567310e-05,-1.215772e-04,2.500167e-03,7.954198e+04,-1.128482e+05,2.320869e+06,-6.158061e-02,7.485777e-02,-1.578110e+00,2.397022e-18,19,4744
1.077205e-08,8.568263e-04,-1.215615e-03,2.500051e-02,7.955247e+04,-1.128609e+05,2.321137e+06,-6.005359e-04,8.722957e-04,-1.592542e-02,2.397022e-18,19,47397
0.000000e+00,-2.150486e-07,5.516817e-08,5.783049e-07,0.000000e+00,0.000000e+00,0.000000e+00,9.397132e+06,-2.510060e+06,-2.455271e+07,2.595045e-18,20,0
1.110000e-09,-9.713116e-04,2.557338e-04,2.500238e-03,-8.757305e+05,2.305738e+05,2.254131e+06,5.078344e-01,-1.363815e-01,-1.269294e+00,2.595045e-18,20,4884
1.109091e-08,-9.712633e-03,2.557267e-03,2.500035e-02,-8.758196e+05,2.305977e+05,2.254353e+06,4.967059e-03,-1.314734e-03,-1.278323e-02,2.595045e-18,20,48800
0.000000e+00,-1.586945e-07,-2.202668e-07,4.922155e-07,0.000000e+00,0.000000e+00,0.000000e+00,9.054761e+06,1.273619e+07,-2.774874e+07,2.856807e-18,21,0
1.117045e-09,-8.180394e-04,-1.156203e-03,2.500207e-03,-7.327840e+05,-1.035717e+06,2.239614e+06,3.473571e-01,4.974614e-01,-1.050167e+00,2.856807e-18,21,4915
1.116273e-08,-8.179863e-03,-1.156142e-02,2.500020e-02,-7.328452e+05,-1.035805e+06,2.239800e+06,3.448277e-03,4.873795e-03,-1.053900e-02,2.856807e-18,21,49116
0.000000e+00,9.588163e-08,8.329337e-08,4.515219e-07,0.000000e+00,0.000000e+00,0.000000e+00,-9.743773e+06,-8.562454e+06,-4.358785e+07,3.426849e-18,22,0
8.970455e-10,5.695432e-04,4.980091e-04,2.500322e-03,6.352568e+05,5.554673e+05,2.788688e+06,-3.378793e-01,-2.932213e-01,-1.409310e+00,3.426849e-18,22,3947
8.964773e-09,5.694941e-03,4.979645e-03,2.500003e-02,6.353047e+05,5.555088e+05,2.788888e+06,-3.329344e-03,-2.798238e-03,-1.411327e-02,3.426849e-18,22,39445
0.000000e+00,-1.499118e-07,1.159681e-07,4.790518e-07,0.000000e+00,0.000000e+00,0.000000e+00,1.129605e+07,-8.669607e+06,-3.517263e+07,3.119870e-18,23,0
9.927273e-10,-8.095795e-04,6.254521e-04,2.500133e-03,-8.159952e+05,6.304109e+05,2.519892e+06,4.204478e-01,-3.264063e-01,-1.268249e+00,3.119870e-18,23,4368
9.921136e-09,-8.095605e-03,6.254396e-03,2.500023e-02,-8.160612e+05,6.304621e+05,2.520091e+06,4.155111e-03,-3.267888e-03,-1.273857e-02,3.119870e-18,23,43653
0.000000e+00,3.793326e-08,1.445307e-07,1.982212e-07,0.000000e+00,0.000000e+00,0.000000e+00,-2.506639e+07,-9.481743e+07,-1.290421e+08,6.458400e-18,24,0
4.679545e-10,4.858930e-04,1.837514e-03,2.500002e-03,1.038356e+06,3.926773e+06,5.342505e+06,-1.600029e-01,-6.011984e-01,-8.112333e-01,6.458400e-18,24,2059
4.679545e-09,4.859067e-03,1.837563e-02,2.500065e-02,1.038368e+06,3.926817e+06,5.342565e+06,-1.590071e-03,-5.994274e-03,-8.119065e-03,6.458400e-18,24,20590
0.000000e+00,5.353000e-08,1.928108e-07,5.355301e-07,0.000000e+00,0.000000e+00,0.000000e+00,-3.045434e+06,-1.053698e+07,-2.898323e+07,2.811747e-18,25,0
1.050682e-09,2.670376e-04,9.135311e-04,2.500066e-03,2.543394e+05,8.700587e+05,2.381068e+06,-1.457878e-01,-4.810425e-01,-1.301910e+00,2.811747e-18,25,4623
1.049955e-08,2.670445e-03,9.135221e-03,2.500014e-02,2.543636e+05,8.701385e+05,2.381284e+06,-1.442589e-03,-4.764753e-03,-1.307714e-02,2.811747e-18,25,46198
0.000000e+00,-6.546729e-08,2.199062e-07,3.687133e-07,0.000000e+00,0.000000e+00,0.000000e+00,8.084268e+06,-2.730015e+07,-4.508193e+07,3.700151e-18,26,0
9.536364e-10,-4.529712e-04,1.519942e-03,2.500158e-03,-4.751815e+05,1.594464e+06,2.622712e+06,1.786798e-01,-5.955509e-01,-9.641854e-01,3.700151e-18,26,4196
9.532273e-09,-4.529572e-03,1.519891e-02,2.500048e-02,-4.752085e+05,1.594554e+06,2.622857e+06,1.821530e-03,-5.924393e-03,-9.686747e-03,3.700151e-18,26,41942
0.000000e+00,-2.845117e-08,2.232237e-07,2.986889e-07,0.000000e+00,0.000000e+00,0.000000e+00,5.392802e+06,-4.301595e+07,-5.664134e+07,4.292771e-18,27,0
8.754545e-10,-2.386186e-04,1.906912e-03,2.500619e-03,-2.726325e+05,2.178750e+06,2.857069e+06,7.649916e-02,-6.231106e-01,-8.021881e-01,4.292771e-18,27,3852
8.750227e-09,-2.385606e-03,1.906464e-02,2.500011e-02,-2.726430e+05,2.178837e+06,2.857180e+06,7.646211e-04,-6.219137e-03,-8.033772e-03,4.292771e-18,27,38501
0.000000e+00,1.373341e-07,-1.252363e-07,2.982084e-07,0.000000e+00,0.000000e+00,0.000000e+00,-3.175075e+07,2.937078e+07,-6.838132e+07,4.565300e-18,28,0
7.627273e-10,1.163318e-03,-1.077955e-03,2.500614e-03,1.525533e+06,-1.413599e+06,3.279201e+06,-4.544920e-01,4.263554e-01,-9.662635e-01,4.565300e-18,28,3356
7.623864e-09,1.163052e-02,-1.077714e-02,2.500032e-02,1.525588e+06,-1.413650e+06,3.279317e+06,-4.545603e-03,4.262444e-03,-9.669190e-03,4.565300e-18,28,33545
0.000000e+00,-1.124287e-07,1.792698e-07,3.612886e-07,0.000000e+00,0.000000e+00,0.000000e+00,1.593467e+07,-2.447180e+07,-4.907399e+07,3.836696e-18,29,0
9.086364e-10,-8.199158e-04,1.250772e-03,2.500096e-03,-9.027047e+05,1.377038e+06,2.752467e+06,3.465037e-01,-5.127961e-01,-1.014566e+00,3.836696e-18,29,3998
9.082955e-09,-8.199248e-03,1.250762e-02,2.500062e-02,-9.027545e+05,1.377112e+06,2.752613e+06,3.435681e-03,-5.103889e-03,-1.016860e-02,3.836696e-18,29,39965
